0.166,-0.791,-0.981,0.633
0.166,-0.742,-0.978,0.513
0.157,-0.691,-0.953,0.394
0.147,-0.645,-0.935,0.303
0.143,-0.603,-0.919,0.232
0.138,-0.561,-0.892,0.166
0.137,-0.519,-0.877,0.128
0.122,-0.487,-0.847,0.091
0.125,-0.451,-0.826,0.082
0.131,-0.426,-0.810,0.082
0.116,-0.399,-0.772,0.088
0.112,-0.366,-0.760,0.104
0.101,-0.343,-0.730,0.115
0.096,-0.321,-0.711,0.121
0.099,-0.300,-0.686,0.129
0.100,-0.282,-0.674,0.127
0.098,-0.263,-0.654,0.131
0.091,-0.242,-0.623,0.141
0.088,-0.226,-0.594,0.147
0.075,-0.222,-0.568,0.144
0.082,-0.199,-0.556,0.143
0.085,-0.182,-0.549,0.136
0.078,-0.170,-0.507,0.148
0.066,-0.163,-0.499,0.137
0.071,-0.162,-0.485,0.125
0.064,-0.141,-0.467,0.130
0.060,-0.134,-0.448,0.127
0.066,-0.126,-0.435,0.121
0.054,-0.121,-0.415,0.120
0.058,-0.113,-0.390,0.123
0.050,-0.108,-0.383,0.113
0.059,-0.107,-0.372,0.103
0.052,-0.103,-0.361,0.098
0.055,-0.095,-0.332,0.109
0.051,-0.094,-0.329,0.095
0.056,-0.093,-0.321,0.087
0.041,-0.086,-0.307,0.089
0.043,-0.084,-0.294,0.085
0.044,-0.078,-0.285,0.081
0.048,-0.071,-0.260,0.091
0.034,-0.072,-0.270,0.071
0.042,-0.073,-0.246,0.078
0.034,-0.068,-0.242,0.071
0.032,-0.066,-0.235,0.068
0.032,-0.071,-0.227,0.062
0.032,-0.061,-0.210,0.069
0.033,-0.058,-0.197,0.070
0.030,-0.067,-0.209,0.048
0.036,-0.052,-0.184,0.064
0.025,-0.052,-0.181,0.058
0.033,-0.055,-0.174,0.054
0.030,-0.055,-0.170,0.049
0.031,-0.052,-0.157,0.053
0.025,-0.050,-0.149,0.052
0.029,-0.056,-0.146,0.046
0.027,-0.053,-0.130,0.053
0.028,-0.055,-0.149,0.029
0.026,-0.049,-0.124,0.046
0.031,-0.051,-0.130,0.034
0.023,-0.046,-0.121,0.038
0.023,-0.048,-0.114,0.037
0.025,-0.048,-0.117,0.029
0.022,-0.051,-0.108,0.032
0.023,-0.055,-0.110,0.025
0.018,-0.045,-0.106,0.027
-0.000,-0.061,-0.080,0.049
0.018,-0.048,-0.109,0.013
0.028,-0.047,-0.079,0.036
0.018,-0.025,-0.080,0.038
0.021,-0.043,-0.076,0.029
0.022,-0.047,-0.071,0.029
0.018,-0.041,-0.063,0.031
0.017,-0.049,-0.084,0.010
0.018,-0.051,-0.075,0.016
0.015,-0.051,-0.064,0.022
0.016,-0.036,-0.060,0.024
0.016,-0.046,-0.062,0.017
0.015,-0.044,-0.061,0.016
0.014,-0.049,-0.069,0.008
0.027,-0.047,-0.071,0.009
0.013,-0.047,-0.052,0.020
0.010,-0.040,-0.046,0.023
0.015,-0.050,-0.049,0.016
0.011,-0.046,-0.055,0.010
0.014,-0.050,-0.043,0.018
0.013,-0.042,-0.044,0.015
0.013,-0.045,-0.026,0.027
0.012,-0.042,-0.032,0.018
0.017,-0.049,-0.032,0.015
0.006,-0.045,-0.043,0.008
0.009,-0.046,-0.030,0.015
0.017,-0.044,-0.035,0.008
0.015,-0.044,-0.039,0.004
0.015,-0.046,-0.039,0.003
0.008,-0.040,-0.027,0.015
0.013,-0.051,-0.033,0.008
0.013,-0.045,-0.033,0.005
0.019,-0.047,-0.033,0.007
0.016,-0.048,-0.028,0.008
0.009,-0.047,-0.016,0.017
0.007,-0.040,-0.017,0.015
0.009,-0.045,-0.028,0.003
0.010,-0.044,-0.019,0.009
0.013,-0.039,-0.003,0.022
0.014,-0.046,-0.026,0.002
0.007,-0.052,-0.025,0.007
0.013,-0.049,-0.016,0.008
0.012,-0.048,-0.010,0.012
0.011,-0.042,-0.017,0.005
0.018,-0.050,-0.012,0.010
0.011,-0.037,-0.012,0.010
0.016,-0.046,-0.012,0.006
0.012,-0.049,-0.018,0.004
0.014,-0.048,-0.031,0.011
0.009,-0.053,-0.020,0.007
0.007,-0.044,-0.003,0.015
0.013,-0.045,-0.022,0.005
0.010,-0.053,-0.022,0.007
0.008,-0.048,-0.009,0.009
0.013,-0.045,-0.017,0.002
0.013,-0.043,-0.017,0.004
0.011,-0.042,-0.006,0.010
0.016,-0.051,-0.024,0.010
0.009,-0.040,0.011,0.024
0.002,-0.052,0.008,0.020
0.008,-0.043,-0.005,0.005
0.011,-0.049,-0.009,0.003
0.003,-0.042,-0.006,0.007
0.006,-0.045,-0.017,0.008
0.010,-0.044,-0.014,0.004
0.012,-0.043,0.006,0.015
0.010,-0.050,-0.007,0.004
0.007,-0.042,-0.008,0.003
0.018,-0.048,-0.000,0.010
0.016,-0.041,-0.013,0.008
0.008,-0.044,-0.003,0.005
0.006,-0.049,-0.016,0.009
0.007,-0.041,-0.004,0.006
0.006,-0.048,-0.025,0.015
0.009,-0.049,-0.019,0.008
0.009,-0.051,-0.008,0.005
0.011,-0.047,-0.009,0.002
0.014,-0.043,0.002,0.012
0.008,-0.039,0.002,0.011
0.011,-0.048,-0.020,0.012
0.008,-0.044,0.002,0.010
0.010,-0.049,-0.020,0.011
0.009,-0.045,-0.012,0.003
0.009,-0.047,-0.007,0.003
0.014,-0.047,-0.007,0.004
0.007,-0.046,-0.004,0.005
0.018,-0.048,-0.003,0.008
0.005,-0.046,-0.003,0.007
0.008,-0.040,0.003,0.010
0.013,-0.049,0.010,0.014
0.007,-0.042,0.000,0.005
0.017,-0.052,-0.020,0.017
0.010,-0.047,-0.008,0.003
0.010,-0.043,-0.006,0.003
0.001,-0.047,-0.005,0.008
0.009,-0.040,0.005,0.011
0.012,-0.040,0.006,0.010
0.011,-0.053,-0.013,0.012
0.010,-0.046,0.002,0.005
0.006,-0.055,-0.008,0.009
0.004,-0.052,-0.002,0.006
0.009,-0.049,0.005,0.007
0.010,-0.043,-0.015,0.012
0.005,-0.049,0.010,0.012
0.005,-0.044,-0.004,0.004
0.011,-0.043,-0.006,0.006
0.010,-0.052,-0.004,0.005
0.010,-0.050,0.001,0.005
0.009,-0.053,-0.006,0.005
0.016,-0.039,0.009,0.015
0.011,-0.046,0.001,0.002
0.008,-0.044,0.014,0.013
0.008,-0.045,-0.005,0.006
0.017,-0.052,-0.006,0.010
0.014,-0.045,0.002,0.004
0.007,-0.047,-0.004,0.005
0.010,-0.047,-0.009,0.007
0.008,-0.051,0.001,0.005
0.011,-0.046,-0.003,0.002
0.008,-0.050,-0.007,0.005
0.014,-0.051,-0.001,0.005
0.008,-0.041,0.001,0.007
0.006,-0.043,0.011,0.012
0.007,-0.047,-0.001,0.003
0.017,-0.056,-0.009,0.013
0.009,-0.044,0.002,0.005
0.008,-0.046,0.017,0.016
0.011,-0.046,0.005,0.003
0.010,-0.046,0.006,0.003
0.008,-0.048,-0.003,0.006
0.012,-0.042,-0.002,0.005
0.006,-0.042,0.003,0.006
0.009,-0.047,0.002,0.001
0.012,-0.048,-0.005,0.006
0.007,-0.046,0.002,0.003
0.006,-0.048,0.005,0.005
0.007,-0.048,-0.004,0.006
0.014,-0.047,-0.007,0.008
0.008,-0.044,0.007,0.007
0.004,-0.045,0.002,0.004
0.011,-0.039,0.001,0.006
0.011,-0.046,-0.013,0.012
0.008,-0.045,-0.014,0.011
0.010,-0.045,0.002,0.004
0.003,-0.045,0.000,0.006
0.005,-0.046,0.011,0.011
0.003,-0.048,-0.006,0.007
0.009,-0.051,-0.005,0.005
0.010,-0.043,0.001,0.004
0.006,-0.047,-0.010,0.008
0.014,-0.046,-0.007,0.007
0.014,-0.047,-0.007,0.006
0.011,-0.050,-0.003,0.004
0.008,-0.042,-0.004,0.004
0.011,-0.045,-0.004,0.002
0.006,-0.053,-0.001,0.008
0.006,-0.043,-0.007,0.006
0.013,-0.044,-0.000,0.005
0.011,-0.040,-0.008,0.007
0.007,-0.048,-0.004,0.003
0.002,-0.053,-0.001,0.009
0.008,-0.046,-0.002,0.001
0.004,-0.047,0.001,0.005
0.011,-0.046,0.005,0.007
0.006,-0.043,0.004,0.006
0.005,-0.052,0.008,0.009
0.011,-0.047,-0.001,0.004
0.013,-0.039,0.010,0.011
0.009,-0.041,0.015,0.012
0.012,-0.046,0.000,0.004
0.006,-0.044,-0.000,0.004
0.009,-0.052,-0.000,0.006
0.013,-0.046,0.011,0.008
0.011,-0.046,0.002,0.002
0.012,-0.045,-0.000,0.004
0.005,-0.050,0.000,0.006
0.014,-0.051,-0.005,0.009
0.009,-0.043,0.009,0.008
0.009,-0.044,-0.002,0.004
0.007,-0.045,0.001,0.002
0.011,-0.044,-0.011,0.011
0.010,-0.040,-0.002,0.005
0.004,-0.047,0.006,0.008
0.007,-0.043,-0.004,0.004
0.009,-0.041,0.016,0.014
0.004,-0.042,0.001,0.005
0.013,-0.044,-0.007,0.009
0.009,-0.046,-0.007,0.007
0.006,-0.045,0.000,0.002
0.009,-0.045,-0.005,0.004
0.007,-0.049,-0.001,0.004
0.012,-0.048,-0.011,0.010
0.013,-0.047,-0.005,0.004
0.009,-0.051,-0.011,0.008
0.004,-0.044,-0.001,0.006
0.007,-0.043,-0.001,0.004
0.005,-0.045,-0.005,0.004
0.000,-0.049,-0.003,0.007
0.009,-0.042,0.015,0.016
0.005,-0.047,0.007,0.007
0.007,-0.043,-0.006,0.006
0.010,-0.047,-0.003,0.004
0.010,-0.052,-0.016,0.014
0.018,-0.049,0.006,0.012
0.007,-0.045,-0.004,0.003
0.006,-0.039,0.003,0.008
0.008,-0.048,0.001,0.003
0.011,-0.051,-0.011,0.010
0.008,-0.042,-0.001,0.004
0.014,-0.045,-0.010,0.008
0.014,-0.049,-0.008,0.006
0.009,-0.046,-0.004,0.001
0.013,-0.046,-0.012,0.008
0.007,-0.040,0.005,0.011
0.004,-0.045,-0.009,0.007
0.010,-0.042,0.009,0.012
0.012,-0.052,-0.001,0.007
0.011,-0.051,-0.005,0.005
0.014,-0.040,0.004,0.009
0.009,-0.043,0.003,0.005
0.013,-0.039,0.005,0.008
0.011,-0.042,-0.001,0.002
0.009,-0.052,-0.002,0.007
0.008,-0.049,-0.010,0.009
0.005,-0.045,0.006,0.008
0.008,-0.034,0.008,0.013
0.010,-0.041,-0.012,0.011
0.009,-0.041,-0.000,0.002
0.007,-0.043,-0.004,0.003
0.007,-0.048,-0.001,0.005
0.014,-0.052,-0.001,0.008
0.008,-0.046,-0.007,0.005
0.007,-0.045,-0.003,0.002
0.010,-0.044,-0.009,0.005
0.013,-0.043,0.001,0.005
0.011,-0.047,-0.007,0.004
0.007,-0.050,-0.014,0.011
0.010,-0.043,-0.002,0.004
0.004,-0.048,0.002,0.007
0.004,-0.041,0.006,0.010
0.011,-0.049,0.001,0.005
0.013,-0.047,-0.010,0.008
0.014,-0.039,0.003,0.009
0.002,-0.041,-0.005,0.008
0.013,-0.051,-0.006,0.008
0.005,-0.045,-0.003,0.003
0.009,-0.047,0.002,0.004
0.007,-0.050,0.008,0.010
0.011,-0.051,-0.004,0.005
0.004,-0.045,-0.003,0.004
0.009,-0.048,-0.005,0.004
0.014,-0.044,-0.002,0.006
0.008,-0.043,0.008,0.009
0.010,-0.053,-0.015,0.014
0.020,-0.042,0.006,0.013
0.011,-0.050,-0.003,0.004
0.011,-0.039,0.007,0.010
0.007,-0.046,0.014,0.013
0.010,-0.045,-0.006,0.007
0.009,-0.047,0.007,0.005
0.013,-0.047,-0.008,0.008
0.014,-0.052,-0.014,0.014
0.008,-0.047,0.002,0.004
0.007,-0.046,0.002,0.004
0.002,-0.048,-0.007,0.009
0.009,-0.045,0.010,0.010
0.010,-0.050,-0.006,0.006
0.008,-0.050,-0.015,0.012
0.009,-0.048,0.003,0.005
0.009,-0.049,0.009,0.009
0.006,-0.044,0.001,0.005
0.017,-0.042,0.011,0.013
0.010,-0.046,-0.003,0.003
0.012,-0.049,0.007,0.006
0.009,-0.049,0.014,0.011
0.013,-0.044,0.001,0.004
0.008,-0.046,-0.004,0.006
0.006,-0.046,0.000,0.004
0.012,-0.045,0.004,0.003
0.010,-0.044,0.010,0.007
0.010,-0.047,-0.003,0.006
0.008,-0.043,0.012,0.009
0.011,-0.046,-0.003,0.006
0.016,-0.048,-0.006,0.009
0.007,-0.049,-0.003,0.005
0.012,-0.051,-0.003,0.005
0.008,-0.040,-0.007,0.008
0.007,-0.050,0.001,0.004
0.011,-0.049,-0.010,0.009
0.012,-0.050,-0.008,0.006
0.007,-0.044,-0.004,0.004
0.007,-0.043,-0.007,0.006
0.009,-0.047,-0.005,0.001
0.010,-0.044,0.004,0.007
0.010,-0.047,0.008,0.009
0.012,-0.044,0.006,0.006
0.012,-0.042,0.006,0.006
0.006,-0.044,0.010,0.009
0.008,-0.050,0.005,0.005
0.009,-0.046,0.002,0.001
0.009,-0.042,0.001,0.004
0.010,-0.048,-0.000,0.003
0.013,-0.048,-0.007,0.008
0.009,-0.047,-0.000,0.001
0.007,-0.055,-0.009,0.012
0.007,-0.045,0.008,0.008
0.014,-0.044,0.004,0.006
0.013,-0.045,0.000,0.003
0.008,-0.050,-0.001,0.004
0.011,-0.050,-0.007,0.007
0.010,-0.034,0.018,0.020
-0.001,-0.040,0.014,0.015
0.007,-0.048,0.007,0.004
0.011,-0.048,-0.017,0.018
0.015,-0.047,0.015,0.013
0.008,-0.046,-0.001,0.003
0.008,-0.046,-0.006,0.008
0.011,-0.042,0.001,0.004
0.012,-0.043,-0.003,0.005
0.006,-0.047,0.007,0.007
0.010,-0.048,0.001,0.003
0.003,-0.040,-0.006,0.010
0.008,-0.047,-0.006,0.006
0.014,-0.046,0.004,0.007
0.009,-0.041,0.002,0.004
0.006,-0.051,-0.015,0.015
0.010,-0.046,0.008,0.008
0.008,-0.048,0.002,0.003
0.007,-0.042,0.007,0.007
0.011,-0.046,-0.002,0.003
0.006,-0.049,0.005,0.005
0.007,-0.038,-0.003,0.007
0.010,-0.040,0.000,0.005
0.003,-0.048,0.010,0.010
0.006,-0.049,-0.001,0.005
0.010,-0.045,0.009,0.007
0.010,-0.043,0.008,0.006
0.010,-0.049,-0.001,0.005
0.016,-0.050,-0.007,0.011
0.009,-0.048,0.007,0.005
0.014,-0.052,-0.006,0.009
0.009,-0.050,-0.017,0.016
0.006,-0.048,-0.005,0.004
0.010,-0.045,-0.002,0.003
0.006,-0.045,-0.006,0.005
0.011,-0.039,0.010,0.013
0.011,-0.048,-0.002,0.003
0.015,-0.047,0.005,0.007
0.004,-0.045,0.008,0.009
0.019,-0.048,0.008,0.010
0.007,-0.051,-0.004,0.007
0.009,-0.046,0.002,0.002
0.006,-0.046,-0.009,0.010
0.009,-0.043,0.013,0.011
0.007,-0.049,-0.002,0.005
0.010,-0.042,0.002,0.004
0.013,-0.042,0.002,0.005
0.009,-0.044,-0.005,0.005
0.015,-0.045,0.001,0.005
0.011,-0.040,0.014,0.013
0.003,-0.042,-0.010,0.012
0.012,-0.055,-0.013,0.016
0.009,-0.049,-0.002,0.003
0.006,-0.050,0.000,0.005
0.013,-0.047,0.002,0.004
0.012,-0.052,-0.000,0.005
0.011,-0.043,0.003,0.005
0.015,-0.037,0.008,0.011
0.006,-0.044,-0.006,0.008
0.003,-0.051,-0.008,0.010
0.013,-0.040,0.000,0.006
0.010,-0.044,-0.012,0.010
0.002,-0.047,0.012,0.014
0.011,-0.046,0.009,0.008
0.003,-0.046,-0.004,0.006
0.011,-0.042,0.003,0.005
0.006,-0.042,0.005,0.005
0.011,-0.039,0.013,0.012
0.009,-0.037,0.015,0.012
0.007,-0.045,0.004,0.002
0.009,-0.043,0.005,0.000
0.015,-0.036,-0.015,0.019
-0.003,-0.035,0.004,0.012
-0.001,-0.070,0.004,0.026
0.019,-0.031,-0.018,0.024
0.008,-0.052,-0.025,0.022
0.008,-0.032,0.012,0.018
0.017,-0.045,0.006,0.010
0.006,-0.049,0.024,0.022
-0.000,-0.044,0.001,0.008
0.013,-0.058,0.003,0.013
0.016,-0.047,-0.018,0.019
0.008,-0.050,0.021,0.019
0.005,-0.047,0.001,0.004
0.016,-0.043,0.016,0.013
0.012,-0.043,-0.001,0.006
0.010,-0.035,-0.007,0.013
0.004,-0.047,0.021,0.017
0.007,-0.046,-0.010,0.013
0.016,-0.042,0.012,0.010
0.011,-0.053,-0.001,0.008
0.009,-0.044,0.002,0.002
0.004,-0.051,-0.010,0.013
0.012,-0.045,0.001,0.003
0.010,-0.044,0.013,0.010
0.010,-0.045,0.009,0.005
0.004,-0.047,0.002,0.005
0.007,-0.045,0.003,0.002
0.012,-0.046,-0.002,0.006
0.014,-0.050,-0.019,0.019
0.006,-0.043,0.002,0.005
0.010,-0.046,0.004,0.004
0.010,-0.040,-0.002,0.005
0.012,-0.047,-0.002,0.003
0.008,-0.049,-0.004,0.005
0.007,-0.044,0.005,0.006
0.004,-0.044,-0.001,0.005
0.012,-0.045,0.001,0.003
0.009,-0.043,-0.002,0.003
0.010,-0.048,0.001,0.003
0.006,-0.043,0.012,0.010
0.011,-0.050,0.007,0.007
0.013,-0.047,0.004,0.003
0.004,-0.036,0.003,0.009
0.006,-0.049,-0.001,0.006
0.006,-0.045,0.001,0.002
0.009,-0.046,0.000,0.002
0.010,-0.040,-0.013,0.014
0.006,-0.051,-0.005,0.007
0.014,-0.047,-0.007,0.007
0.014,-0.056,0.006,0.011
