0.209,-0.037,-0.000,0.180
0.199,-0.038,-0.011,0.146
0.193,-0.041,0.001,0.119
0.177,-0.026,-0.014,0.086
0.169,-0.028,-0.014,0.067
0.176,-0.019,0.002,0.062
0.141,-0.016,-0.012,0.024
0.146,-0.017,-0.003,0.024
0.137,-0.013,0.004,0.015
0.140,-0.019,-0.004,0.013
0.132,-0.007,-0.010,0.012
0.138,-0.006,-0.005,0.012
0.116,-0.008,-0.002,0.013
0.092,-0.003,-0.001,0.032
0.106,0.003,0.002,0.019
0.095,0.004,-0.002,0.024
0.105,-0.004,-0.001,0.010
0.105,0.011,0.000,0.018
0.092,0.007,-0.009,0.021
0.083,0.012,0.007,0.027
0.069,0.013,-0.016,0.035
0.072,0.027,0.015,0.036
0.079,0.015,-0.030,0.029
0.052,0.021,-0.001,0.037
0.079,0.011,0.010,0.015
0.059,0.023,0.012,0.028
0.056,0.015,0.003,0.023
0.057,0.023,0.009,0.022
0.053,0.026,0.003,0.022
0.048,0.028,0.015,0.025
0.040,0.022,0.015,0.026
0.049,0.026,0.004,0.015
0.031,0.020,0.004,0.026
0.042,0.024,0.010,0.014
0.040,0.024,0.013,0.015
0.036,0.025,0.008,0.015
0.039,0.037,0.012,0.017
0.032,0.030,0.011,0.015
0.029,0.031,0.010,0.016
0.144,0.015,-0.116,0.136
-0.133,-0.003,0.134,0.205
-0.078,-0.024,0.124,0.137
0.051,0.038,-0.045,0.073
0.017,0.035,0.024,0.016
-0.021,0.036,0.041,0.041
0.026,0.031,0.006,0.018
0.053,0.029,-0.016,0.044
0.024,0.072,0.009,0.041
0.036,-0.003,0.040,0.039
0.006,0.027,0.019,0.015
0.023,-0.017,0.036,0.040
0.012,-0.000,0.010,0.021
0.364,-0.400,0.368,0.547
0.016,0.026,0.017,0.089
0.044,0.049,0.034,0.077
0.014,-0.033,0.036,0.045
0.035,0.036,-0.040,0.097
0.003,0.026,0.016,0.057
0.021,0.005,-0.034,0.065
-0.006,0.028,0.041,0.050
0.069,-0.022,-0.048,0.074
0.009,-0.013,0.028,0.028
0.018,-0.029,-0.033,0.051
0.133,0.192,-0.057,0.200
0.028,-0.480,-0.334,0.512
-0.001,0.124,0.280,0.320
0.026,0.015,-0.119,0.108
0.047,0.128,0.027,0.133
0.006,0.117,0.035,0.109
0.064,0.073,0.006,0.054
0.021,0.096,0.003,0.060
0.094,0.050,-0.086,0.088
-0.029,0.116,0.055,0.108
0.047,0.020,-0.074,0.067
0.008,0.072,-0.001,0.034
-0.031,0.070,0.109,0.117
-0.113,0.192,0.051,0.169
0.146,-0.010,-0.227,0.248
0.006,0.060,-0.074,0.045
-0.006,0.110,-0.075,0.060
-0.040,0.101,0.021,0.075
0.115,-0.048,0.019,0.143
0.009,0.134,0.014,0.074
-0.011,0.063,0.002,0.032
-0.112,0.063,0.075,0.133
-0.009,0.147,0.034,0.075
-0.060,0.132,-0.010,0.068
-0.093,0.119,-0.012,0.075
-0.039,0.316,-0.026,0.193
-0.166,0.196,0.017,0.135
-0.143,0.123,-0.036,0.088
-0.066,0.104,0.020,0.034
-0.135,0.166,0.054,0.084
-0.150,0.144,0.006,0.066
-0.119,0.158,-0.036,0.050
-0.145,0.159,0.015,0.051
-0.092,0.144,-0.008,0.010
-0.117,0.180,-0.028,0.043
-0.256,0.157,0.041,0.138
-0.157,0.130,0.013,0.034
-0.242,0.088,0.042,0.113
-0.195,0.189,-0.006,0.062
-0.139,0.151,-0.008,0.018
-0.094,0.100,-0.000,0.062
-0.031,0.021,0.014,0.138
-0.027,0.078,-0.010,0.093
0.026,0.055,0.068,0.139
0.107,0.064,-0.028,0.175
0.016,0.123,-0.050,0.083
0.065,-0.036,0.037,0.157
0.060,0.054,0.037,0.087
0.073,-0.005,0.024,0.106
-0.018,0.114,0.049,0.054
0.079,-0.027,-0.026,0.118
-0.019,-0.036,0.023,0.083
0.084,-0.054,0.022,0.108
0.126,-0.094,0.009,0.141
0.092,0.004,-0.005,0.054
0.076,-0.150,0.035,0.140
0.006,-0.074,0.026,0.062
0.060,-0.114,0.030,0.080
0.023,-0.124,0.009,0.076
-0.026,-0.133,0.032,0.091
-0.066,-0.076,0.014,0.083
0.039,-0.116,-0.154,0.154
-0.026,-0.173,0.008,0.095
0.048,-0.126,-0.037,0.052
-0.038,-0.073,0.015,0.055
-0.002,-0.128,0.062,0.067
-0.015,-0.054,0.007,0.040
-0.098,-0.154,0.002,0.102
0.074,0.088,0.012,0.175
-0.172,-0.150,0.068,0.171
-0.077,-0.118,0.027,0.055
-0.129,-0.069,0.001,0.085
-0.158,-0.113,-0.004,0.099
0.235,-0.337,-0.055,0.335
-0.255,-0.048,0.014,0.212
-0.105,-0.140,-0.018,0.052
-0.167,0.006,0.017,0.139
-0.171,0.059,-0.015,0.158
-0.218,0.005,0.008,0.128
-0.149,0.026,-0.002,0.083
-0.121,0.023,-0.008,0.063
-0.117,-0.049,-0.028,0.025
-0.138,-0.007,0.065,0.068
-0.192,0.075,-0.027,0.116
-0.101,-0.055,0.023,0.044
-0.075,0.057,-0.011,0.083
-0.160,0.010,0.099,0.092
-0.043,0.036,0.023,0.080
-0.146,-0.055,0.023,0.053
-0.072,0.046,0.177,0.148
0.014,-0.014,-0.003,0.113
-0.115,-0.078,0.033,0.067
-0.002,-0.066,0.006,0.094
-0.059,-0.068,0.053,0.047
-0.018,0.040,0.076,0.086
-0.043,-0.038,-0.012,0.053
0.052,0.006,-0.022,0.112
0.022,-0.019,0.017,0.060
0.015,0.003,0.039,0.050
0.032,-0.026,-0.023,0.067
0.057,0.097,0.027,0.117
0.078,0.055,-0.026,0.095
0.030,-0.029,0.051,0.050
0.081,0.029,0.083,0.086
-0.023,0.168,-0.035,0.151
0.041,0.139,-0.044,0.109
0.026,0.261,0.047,0.185
0.096,0.176,-0.025,0.111
0.089,0.228,0.065,0.133
0.056,0.260,0.024,0.125
-0.015,0.236,-0.078,0.127
0.040,0.246,-0.014,0.083
0.022,0.174,-0.016,0.020
-0.049,0.228,0.031,0.091
-0.114,0.211,-0.018,0.119
-0.042,0.236,0.012,0.059
-0.119,0.300,-0.072,0.149
-0.210,0.205,-0.002,0.159
-0.009,0.211,0.027,0.047
-0.029,0.195,-0.011,0.018
-0.033,0.158,0.002,0.041
0.016,0.143,0.014,0.069
-0.184,0.286,0.022,0.154
-0.081,0.206,0.000,0.022
-0.185,0.215,0.010,0.108
-0.158,0.259,0.036,0.086
-0.143,0.076,-0.004,0.126
-0.080,0.181,-0.040,0.044
-0.015,0.077,0.039,0.124
-0.100,0.122,0.074,0.075
0.063,0.101,0.008,0.139
0.026,0.042,0.032,0.124
0.074,0.019,-0.009,0.148
0.052,-0.025,0.031,0.144
0.129,-0.047,0.040,0.178
0.075,0.020,-0.010,0.082
-0.021,-0.025,0.016,0.085
0.117,-0.152,0.046,0.200
0.005,-0.135,0.027,0.136
0.068,-0.049,-0.018,0.066
0.035,-0.202,-0.007,0.167
0.016,-0.050,0.003,0.018
-0.178,-0.090,0.017,0.180
-0.036,-0.176,0.114,0.143
-0.003,-0.139,-0.075,0.106
-0.091,-0.244,0.024,0.159
-0.022,-0.173,-0.042,0.076
-0.106,0.049,0.098,0.174
-0.190,-0.217,0.052,0.175
-0.043,-0.212,-0.004,0.093
-0.182,-0.001,0.038,0.151
-0.128,-0.192,-0.006,0.090
-0.090,0.006,0.003,0.106
-0.103,-0.040,0.017,0.054
0.001,-0.123,0.030,0.080
-0.050,-0.100,-0.002,0.026
-0.167,-0.167,0.038,0.104
-0.155,0.033,0.014,0.134
-0.172,-0.059,0.036,0.071
-0.037,0.057,0.019,0.132
0.040,-0.073,-0.131,0.173
-0.012,-0.028,0.023,0.065
0.013,-0.015,0.004,0.076
0.107,-0.042,0.046,0.142
-0.025,-0.035,-0.025,0.032
-0.020,0.074,0.019,0.104
0.108,-0.044,-0.040,0.122
0.068,0.097,-0.019,0.127
0.008,-0.044,0.125,0.113
0.101,0.132,0.016,0.151
0.094,0.041,-0.007,0.073
0.164,0.031,0.031,0.116
0.058,0.129,-0.024,0.103
0.096,0.139,0.088,0.120
0.096,0.021,0.050,0.046
-0.027,0.143,-0.005,0.117
-0.033,0.225,0.059,0.162
-0.024,0.281,-0.007,0.178
0.080,0.213,0.065,0.102
-0.077,0.347,0.054,0.211
0.048,0.255,0.093,0.099
0.042,0.283,0.017,0.095
0.022,0.222,-0.027,0.061
-0.138,0.321,0.051,0.176
-0.147,0.399,-0.005,0.204
-0.160,0.403,0.037,0.181
-0.101,0.329,0.027,0.073
-0.144,0.345,0.042,0.100
-0.201,0.314,0.018,0.118
-0.099,0.169,0.033,0.104
-0.124,0.177,0.031,0.086
-0.034,0.113,0.029,0.133
-0.005,0.008,-0.054,0.217
0.124,-0.085,0.039,0.296
0.095,0.067,-0.095,0.171
-0.056,-0.002,0.096,0.151
-0.026,-0.052,0.021,0.149
0.013,-0.166,0.003,0.227
0.186,-0.059,-0.066,0.213
-0.101,-0.167,-0.003,0.199
-0.038,-0.211,0.050,0.193
0.131,-0.137,-0.046,0.161
-0.126,-0.114,0.042,0.135
-0.025,-0.119,-0.078,0.093
-0.061,-0.117,-0.097,0.100
-0.106,-0.085,-0.037,0.076
-0.006,-0.186,-0.002,0.100
-0.061,0.015,-0.010,0.093
-0.095,-0.115,0.041,0.081
-0.145,-0.055,0.017,0.092
-0.113,-0.012,0.034,0.079
0.026,0.010,0.066,0.116
-0.009,-0.044,-0.018,0.045
-0.037,0.009,0.002,0.054
0.127,-0.097,0.009,0.153
-0.035,-0.063,0.075,0.061
-0.169,0.006,0.027,0.135
-0.161,0.028,-0.001,0.119
-0.034,-0.125,-0.059,0.102
-0.088,-0.008,0.040,0.053
-0.119,0.050,0.021,0.093
0.026,0.006,-0.012,0.089
0.071,-0.076,0.004,0.117
-0.112,0.009,-0.028,0.079
-0.035,0.099,-0.047,0.114
0.183,-0.051,0.096,0.216
0.214,-0.084,-0.069,0.212
0.036,-0.065,-0.022,0.041
0.080,0.038,-0.026,0.077
0.031,0.100,-0.027,0.103
0.067,0.184,0.037,0.166
0.104,0.165,0.000,0.131
0.120,0.156,-0.012,0.112
0.106,0.131,0.084,0.103
0.092,0.178,0.044,0.097
0.016,0.278,0.024,0.167
0.091,0.209,-0.041,0.095
0.073,0.273,0.051,0.126
0.075,0.213,-0.011,0.056
0.056,0.263,0.031,0.088
0.131,0.199,0.047,0.065
-0.036,0.261,0.040,0.119
-0.041,0.261,0.039,0.105
-0.084,0.303,0.029,0.138
-0.054,0.256,0.079,0.088
-0.133,0.263,0.067,0.132
-0.200,0.389,0.058,0.212
-0.099,0.280,0.049,0.057
-0.125,0.320,0.036,0.085
-0.113,0.274,0.005,0.056
-0.055,0.254,-0.012,0.044
-0.112,0.306,-0.029,0.072
-0.070,0.174,-0.050,0.102
-0.004,0.197,0.002,0.077
0.038,0.142,-0.137,0.175
0.009,0.091,0.013,0.131
0.036,0.102,-0.011,0.112
0.003,0.053,-0.023,0.123
0.140,-0.086,-0.037,0.261
0.115,-0.024,-0.029,0.166
0.114,-0.034,-0.009,0.147
-0.011,0.008,0.048,0.096
0.137,-0.181,0.005,0.239
0.056,-0.078,-0.055,0.108
-0.057,-0.080,0.009,0.123
-0.041,-0.132,-0.037,0.134
-0.032,-0.171,0.011,0.141
0.002,-0.261,0.064,0.200
-0.115,-0.124,0.003,0.115
-0.119,-0.117,0.014,0.100
-0.101,-0.186,0.093,0.131
-0.041,-0.210,-0.037,0.103
-0.167,0.012,-0.014,0.156
-0.064,-0.115,-0.037,0.040
0.058,-0.239,-0.086,0.170
-0.104,-0.016,-0.029,0.105
0.009,0.223,-0.320,0.384
-0.072,-0.096,0.007,0.073
-0.065,-0.048,0.001,0.049
-0.057,-0.138,-0.029,0.068
-0.099,-0.079,0.080,0.111
-0.078,-0.118,-0.011,0.044
-0.049,-0.116,-0.013,0.034
-0.051,-0.092,0.011,0.028
-0.030,-0.040,0.035,0.063
-0.087,0.031,0.022,0.101
0.082,-0.147,0.015,0.140
0.077,-0.308,-0.047,0.224
-0.015,0.043,-0.129,0.166
-0.052,-0.070,-0.042,0.035
-0.018,0.121,0.022,0.180
0.064,-0.066,0.009,0.079
0.114,0.014,0.068,0.141
0.077,-0.007,-0.025,0.069
0.083,0.056,0.031,0.103
0.075,0.001,-0.071,0.074
0.072,0.074,0.028,0.093
0.042,0.125,0.036,0.118
0.047,0.131,0.022,0.102
0.049,0.230,0.058,0.175
0.105,0.167,-0.019,0.108
0.054,0.189,0.010,0.096
0.050,0.205,0.059,0.105
0.056,0.227,0.045,0.102
0.068,0.231,-0.056,0.110
0.108,0.308,-0.003,0.148
-0.030,0.337,0.070,0.173
0.004,0.126,0.033,0.071
0.055,0.248,0.010,0.056
-0.003,0.143,0.060,0.069
-0.066,0.164,0.341,0.284
0.042,0.177,-0.149,0.188
0.168,0.021,-0.055,0.199
0.080,0.168,0.019,0.030
0.181,0.010,-0.001,0.169
0.099,0.044,0.030,0.083
0.082,-0.006,0.012,0.110
0.081,0.004,0.017,0.084
0.098,-0.056,0.007,0.125
0.101,-0.070,0.020,0.118
0.055,0.002,0.015,0.045
0.029,-0.109,-0.024,0.138
-0.096,-0.014,-0.015,0.147
0.064,-0.165,-0.044,0.158
-0.098,0.111,-0.008,0.164
-0.020,0.063,-0.034,0.069
-0.147,-0.073,0.029,0.162
0.046,-0.108,0.006,0.102
-0.042,-0.083,-0.002,0.068
-0.032,-0.042,-0.009,0.028
-0.039,-0.041,0.019,0.033
0.094,-0.088,0.032,0.107
-0.038,0.004,0.022,0.052
-0.049,-0.121,0.061,0.096
0.023,0.007,0.047,0.059
-0.047,-0.096,-0.039,0.080
-0.031,0.044,0.016,0.079
0.087,-0.026,-0.009,0.088
0.021,0.056,0.069,0.092
0.035,0.162,0.170,0.202
0.185,0.193,0.001,0.219
0.052,0.086,-0.009,0.058
0.064,0.082,0.063,0.050
0.071,0.120,0.021,0.066
0.074,0.102,0.016,0.045
0.084,0.119,-0.127,0.143
0.021,0.083,0.098,0.084
0.055,0.132,0.045,0.053
0.042,0.183,0.031,0.085
-0.041,0.160,0.088,0.107
0.157,0.168,0.004,0.117
-0.090,0.135,0.045,0.124
0.060,0.221,-0.038,0.108
-0.086,0.168,0.030,0.108
0.008,0.251,0.062,0.100
-0.053,0.165,0.062,0.066
0.076,0.333,0.063,0.162
0.002,0.277,0.019,0.081
-0.001,0.329,0.010,0.114
-0.021,0.273,0.015,0.057
0.064,0.465,0.063,0.211
-0.028,0.245,-0.052,0.084
-0.158,0.103,0.031,0.194
-0.039,0.157,0.064,0.078
-0.009,0.112,-0.017,0.103
0.019,0.081,0.008,0.113
-0.007,-0.075,0.044,0.224
-0.005,-0.082,0.051,0.198
0.019,-0.012,0.003,0.112
0.108,-0.440,0.027,0.465
-0.088,0.044,0.008,0.089
-0.096,0.183,0.021,0.160
-0.090,0.116,0.026,0.087
-0.071,0.156,-0.054,0.114
0.085,0.324,0.058,0.243
0.049,0.195,-0.032,0.102
0.165,0.490,-0.055,0.350
-0.029,0.196,0.006,0.044
-0.125,0.036,0.042,0.172
-0.038,0.017,0.048,0.127
-0.001,-0.088,-0.045,0.198
0.059,-0.157,0.023,0.229
0.022,-0.029,0.010,0.082
0.087,-0.228,0.012,0.247
-0.071,-0.085,-0.020,0.111
-0.030,0.062,-0.108,0.115
-0.026,0.076,-0.011,0.064
-0.032,0.193,-0.013,0.152
0.064,0.140,-0.010,0.105
-0.021,0.166,-0.070,0.107
0.107,0.282,-0.050,0.202
0.027,0.162,0.013,0.060
0.078,0.268,0.013,0.145
-0.072,0.183,0.155,0.171
-0.049,0.107,0.007,0.060
-0.043,0.034,-0.059,0.113
-0.046,0.100,0.093,0.089
0.021,0.016,0.018,0.092
0.029,-0.044,-0.053,0.141
-0.056,-0.001,-0.030,0.089
-0.012,-0.102,-0.018,0.146
-0.044,-0.133,0.125,0.187
0.005,-0.135,-0.052,0.142
0.027,-0.126,0.003,0.107
-0.057,-0.055,-0.073,0.083
-0.034,-0.085,-0.012,0.051
-0.111,-0.140,-0.048,0.123
-0.048,-0.071,0.051,0.059
-0.167,-0.060,-0.094,0.137
-0.076,-0.012,0.033,0.060
-0.134,-0.156,0.036,0.119
-0.069,-0.065,-0.060,0.048
-0.121,-0.036,-0.032,0.054
-0.216,-0.180,-0.041,0.158
-0.170,-0.179,-0.066,0.113
-0.108,-0.072,0.011,0.036
-0.083,-0.212,-0.053,0.109
-0.113,-0.077,-0.079,0.054
-0.070,0.019,0.046,0.128
-0.041,0.043,0.060,0.139
-0.050,0.022,0.025,0.088
0.060,0.154,-0.077,0.224
-0.012,0.139,0.182,0.220
-0.031,0.209,0.072,0.183
0.068,0.166,-0.013,0.156
0.018,0.265,0.020,0.185
-0.026,0.152,0.009,0.058
-0.032,0.175,-0.034,0.081
-0.018,0.225,-0.004,0.101
0.031,0.280,-0.039,0.146
-0.008,0.317,0.042,0.148
0.013,0.363,0.064,0.170
-0.031,0.315,0.002,0.099
-0.032,0.264,-0.008,0.045
-0.093,0.366,0.024,0.136
-0.018,0.233,-0.015,0.027
