-0.02,-1.95,-0.05
-0.02,-1.98,-0.05
-0.02,-2.03,-0.05
-0.02,-1.98,-0.05
-0.02,-2.23,-0.07
-0.06,-2.14,-0.38
-0.08,-2.17,-0.70
-0.07,-2.18,-0.88
-0.07,-2.13,-0.88
-0.07,-2.14,-0.88
-0.09,-1.78,-0.86
-0.07,-1.76,-0.67
-0.05,-1.98,-0.66
-0.04,-2.02,-0.66
-0.04,-2.00,-0.66
-0.03,-2.05,-0.66
-0.02,-2.06,-0.66
-0.02,-2.04,-0.66
-0.02,-2.04,-0.66
-0.03,-2.08,-0.67
-0.00,-2.01,-0.65
0.03,-2.02,-0.39
0.05,-2.08,0.04
0.13,-2.08,0.72
0.14,-2.11,1.39
0.12,-2.12,1.61
0.13,-2.12,1.67
0.13,-2.16,1.80
0.12,-2.14,1.69
0.10,-2.12,1.57
0.09,-2.13,1.42
0.08,-2.11,1.27
0.07,-2.08,1.12
0.02,-1.98,0.78
0.00,-1.88,0.39
-0.02,-1.95,0.19
0.01,-2.11,0.34
-0.00,-2.06,0.34
-0.01,-2.06,0.34
-0.01,-2.07,0.34
-0.01,-2.08,0.34
-0.03,-2.08,0.34
-0.03,-2.08,0.34
-0.03,-2.08,0.34
-0.02,-2.09,0.34
-0.03,-2.08,0.35
-0.02,-2.13,0.34
-0.05,-2.07,0.27
-0.06,-2.03,0.10
-0.08,-2.05,-0.04
-0.08,-2.07,-0.11
-0.08,-2.10,-0.08
-0.06,-2.13,-0.02
-0.06,-2.14,0.02
-0.06,-2.11,0.05
-0.05,-2.06,0.00
-0.08,-2.04,-0.14
-0.04,-2.21,0.07
-0.06,-2.21,0.06
-0.06,-2.24,0.07
-0.02,-2.29,0.17
-0.01,-2.50,0.29
0.15,-3.19,0.63
-0.06,-4.35,1.34
-0.07,-5.22,1.34
-0.29,-6.84,1.97
-0.48,-10.09,2.60
-0.25,-13.36,2.21
0.02,-17.04,2.00
0.28,-20.43,1.93
1.47,-25.48,1.54
3.43,-30.89,-0.11
5.26,-35.38,-1.96
6.77,-39.31,-3.93
8.92,-41.84,-5.90
11.64,-42.09,-7.27
14.77,-39.83,-7.56
17.41,-33.26,-6.76
17.55,-26.91,-4.85
15.38,-19.89,-2.15
12.88,-13.67,0.58
12.44,-7.67,-0.54
12.57,-1.40,-2.51
12.91,-4.14,-1.39
15.87,-8.46,0.39
20.72,-12.92,2.07
23.71,-18.56,4.45
25.41,-24.10,5.36
26.16,-29.97,5.01
26.96,-35.65,3.18
30.08,-41.64,0.47
31.25,-47.44,-2.06
30.60,-51.70,-4.42
31.61,-49.65,-5.26
30.82,-43.68,-4.48
27.97,-37.44,-2.93
24.56,-30.49,-0.72
19.35,-23.17,3.18
13.43,-16.58,7.45
8.19,-9.75,11.63
8.95,-3.93,15.30
7.03,-7.70,17.02
11.67,-13.58,16.53
15.46,-18.97,15.06
19.19,-24.68,13.12
22.57,-30.51,10.60
24.51,-36.25,7.77
24.88,-41.66,4.33
26.34,-47.49,0.90
29.25,-49.47,0.11
28.16,-43.13,1.27
24.19,-36.99,4.59
18.86,-30.32,8.29
14.63,-23.47,11.56
12.19,-16.90,14.23
7.97,-9.98,16.64
2.70,-3.64,17.49
3.81,0.46,17.35
6.05,-3.69,16.47
9.77,-8.17,17.01
12.44,-13.20,17.92
14.69,-18.43,18.60
17.67,-24.43,18.00
22.29,-30.39,16.27
26.70,-36.40,13.62
29.90,-42.29,11.50
31.13,-46.57,9.91
31.37,-48.97,8.69
31.42,-51.19,7.20
32.25,-54.26,4.74
32.79,-57.78,1.71
32.37,-61.48,-1.68
32.40,-64.47,-5.07
32.09,-67.56,-8.06
32.13,-69.41,-10.70
31.48,-69.28,-13.16
30.15,-66.48,-15.25
27.60,-62.62,-16.09
24.36,-57.05,-15.77
19.00,-50.57,-14.27
13.35,-44.43,-11.49
7.95,-37.94,-7.81
1.89,-31.00,-2.86
-3.77,-24.69,2.55
-9.66,-19.07,8.25
-15.49,-14.16,13.88
-21.05,-10.02,19.42
-26.94,-6.85,24.80
-31.11,-5.64,28.22
-32.88,-5.18,29.61
-32.15,-5.75,29.19
-29.58,-6.72,27.79
-26.60,-7.13,26.39
-23.18,-7.33,25.25
-17.92,-8.30,24.64
-12.25,-10.52,23.21
-6.39,-14.14,21.34
-0.46,-19.26,19.68
5.52,-24.54,18.64
11.27,-29.53,17.76
17.39,-32.23,17.28
21.30,-32.25,17.26
24.05,-31.98,17.52
26.00,-32.48,17.79
27.81,-33.47,17.76
28.59,-33.97,17.64
28.25,-33.87,17.69
27.17,-33.49,17.91
25.36,-33.21,18.44
22.64,-32.98,19.40
19.72,-32.70,20.45
16.88,-32.24,21.27
14.48,-31.87,21.78
13.43,-31.77,22.14
13.06,-32.52,22.28
13.23,-33.78,22.36
13.42,-35.86,22.51
13.34,-39.38,22.63
14.59,-42.70,22.37
16.62,-44.59,21.16
18.56,-46.96,19.70
21.47,-48.49,17.96
24.39,-48.03,15.89
26.95,-45.88,13.52
29.18,-43.72,11.02
31.24,-41.73,8.05
32.88,-40.44,5.24
34.20,-39.79,2.41
35.32,-39.25,0.78
35.91,-38.61,1.33
36.42,-38.81,1.86
36.91,-38.84,2.06
37.18,-38.54,2.14
37.36,-38.12,2.00
37.50,-37.77,2.23
37.56,-37.56,2.45
37.62,-37.11,2.51
36.51,-30.57,2.72
34.37,-28.36,3.37
31.90,-26.32,4.17
29.18,-23.68,4.89
26.64,-21.03,5.62
24.59,-18.52,6.55
21.83,-15.73,7.53
17.94,-12.51,8.62
13.27,-8.68,10.05
8.93,-4.92,11.50
5.78,-1.93,13.27
5.85,-1.05,14.77
8.81,-2.48,15.66
13.43,-5.24,15.37
19.37,-8.81,14.35
25.41,-13.99,13.20
31.10,-19.31,12.10
37.33,-24.05,10.52
43.44,-26.39,8.66
49.68,-27.10,7.67
53.39,-26.35,7.33
54.89,-25.17,7.13
55.18,-24.43,6.88
54.59,-23.96,6.92
52.21,-23.06,7.49
47.99,-20.91,8.78
41.96,-18.21,10.41
35.53,-15.60,12.51
29.95,-13.35,14.55
24.54,-11.69,17.56
19.42,-11.33,20.62
13.54,-10.09,22.46
9.08,-7.51,23.29
5.96,-3.66,24.85
4.02,-1.03,26.72
2.67,1.74,26.92
1.21,5.02,26.33
0.30,6.53,26.10
-0.11,7.63,26.77
-0.38,8.06,27.84
-0.00,7.25,28.65
1.40,4.74,28.84
4.70,0.38,28.03
9.21,-4.95,26.74
14.89,-10.88,24.41
21.33,-16.71,20.64
27.59,-22.61,15.83
33.81,-28.37,10.86
39.76,-33.23,6.73
46.08,-35.78,3.36
50.68,-35.04,0.70
54.48,-32.95,-1.10
57.53,-31.69,-1.93
60.13,-30.63,-1.96
60.70,-29.68,-2.28
58.76,-28.32,-3.06
54.10,-25.70,-3.77
48.99,-22.87,-3.53
43.12,-20.76,-2.34
36.95,-19.24,-0.25
30.81,-18.78,3.16
24.86,-19.22,7.58
20.00,-18.58,13.10
15.67,-16.42,18.61
11.73,-12.55,22.51
8.63,-9.49,25.23
6.66,-7.96,27.08
4.91,-7.20,29.23
3.63,-6.63,31.27
2.79,-5.57,33.14
2.47,-3.93,34.74
2.52,-2.19,36.01
3.27,-1.26,36.51
4.69,-1.72,36.06
7.12,-3.83,34.40
10.18,-7.34,31.70
14.00,-13.11,27.93
18.18,-18.86,24.02
22.93,-24.76,19.67
28.22,-29.27,14.24
34.25,-31.13,8.03
39.65,-31.75,2.06
44.65,-32.27,-2.83
50.40,-33.13,-5.30
53.93,-32.52,-6.38
54.03,-29.33,-7.02
51.37,-24.56,-6.81
46.44,-18.94,-6.02
40.66,-13.30,-4.79
34.52,-7.87,-2.82
28.04,-2.70,-0.58
22.10,1.78,1.30
16.01,6.75,3.34
10.79,11.09,5.77
6.13,14.37,8.19
2.12,16.52,10.19
-1.67,17.64,12.20
-4.60,18.25,13.86
-6.12,17.51,15.16
-6.84,16.23,16.34
-7.94,15.05,17.80
-9.23,13.62,19.31
-9.90,11.63,20.00
-8.28,9.98,20.75
-6.57,9.26,20.32
-5.71,9.35,19.83
-5.34,9.80,19.52
-5.97,10.83,19.36
-7.17,12.28,19.62
-7.92,12.98,20.18
-8.37,13.81,20.83
-8.57,15.29,21.03
-8.65,16.20,21.19
-8.43,16.39,21.31
-7.25,14.21,20.80
-4.45,9.03,19.22
-0.41,2.44,15.83
4.17,-3.93,11.46
7.20,-10.20,6.83
9.96,-16.01,1.88
11.88,-21.14,-2.11
13.14,-24.98,-4.59
13.44,-24.96,-4.77
13.92,-20.10,-2.77
13.72,-13.67,1.03
12.00,-7.34,6.56
8.92,-1.64,12.60
4.12,3.48,17.50
-1.25,8.65,19.58
-6.89,14.05,18.93
-11.70,19.56,16.24
-11.75,19.29,11.11
-6.25,13.97,5.39
-1.79,9.19,0.71
2.97,3.95,-3.56
8.34,-1.38,-7.01
13.76,-6.48,-10.01
19.69,-12.15,-13.51
23.51,-17.53,-17.23
26.50,-23.51,-20.80
28.51,-29.22,-23.54
29.43,-33.64,-25.84
30.77,-33.65,-26.39
30.35,-29.58,-24.93
28.31,-23.78,-22.54
23.88,-17.68,-19.34
17.86,-10.67,-13.05
11.83,-4.26,-7.26
5.46,2.12,-1.22
-0.57,8.42,4.57
-6.97,14.98,10.61
-15.52,20.63,16.13
-19.22,23.64,18.30
-15.35,17.98,18.24
-10.93,12.61,17.11
-6.80,6.82,15.33
-3.31,1.25,13.24
1.09,-4.68,10.47
6.19,-9.88,7.18
11.62,-15.39,2.59
17.13,-20.42,-2.95
22.47,-25.71,-8.92
26.37,-31.68,-14.88
28.60,-37.68,-20.51
29.91,-43.58,-24.88
31.18,-45.48,-26.87
31.75,-42.60,-26.85
31.30,-36.73,-25.03
29.23,-30.29,-21.24
26.09,-23.80,-16.17
21.82,-16.29,-10.13
16.25,-9.04,-4.09
12.05,-3.24,1.70
7.58,2.52,6.47
6.73,-2.05,6.16
11.84,-8.35,1.99
17.43,-14.03,-3.73
23.60,-18.72,-9.69
29.40,-23.43,-15.41
30.91,-28.86,-21.38
30.40,-34.52,-24.84
28.99,-28.40,-20.81
26.11,-22.16,-14.77
21.01,-15.31,-8.98
15.09,-7.39,-2.69
8.94,-0.69,3.10
5.07,5.34,9.14
7.46,-0.62,10.54
12.97,-6.12,6.27
21.47,-11.27,0.30
29.45,-16.67,-5.41
35.70,-22.46,-11.38
39.91,-27.77,-17.34
42.46,-32.98,-19.23
43.56,-31.94,-17.05
42.79,-28.10,-13.57
40.52,-24.82,-10.49
37.73,-23.07,-8.44
34.43,-19.87,-5.90
30.39,-14.56,-2.45
24.67,-8.58,2.08
18.42,-2.08,7.39
11.75,4.39,12.79
5.43,10.22,16.66
-1.03,16.30,18.68
-4.41,20.06,20.76
-4.01,23.00,24.71
-3.47,27.48,30.89
-1.71,30.63,36.68
1.42,30.76,42.72
3.95,30.75,48.51
5.05,33.62,54.55
5.47,37.69,60.34
7.01,42.50,66.63
10.05,44.87,68.88
12.03,46.88,68.54
12.56,49.13,67.01
12.96,48.73,64.66
14.20,43.97,60.83
14.88,38.30,56.51
13.10,33.53,52.04
11.18,30.87,46.91
8.88,27.18,40.95
5.51,24.41,34.91
2.09,23.73,31.15
0.64,23.27,28.71
0.20,21.23,27.10
-0.82,18.29,25.42
-2.00,13.56,24.19
-2.57,9.30,24.21
-2.24,7.75,24.71
-4.76,6.44,24.56
-7.37,7.48,24.95
-9.39,9.43,26.09
-12.34,12.20,27.39
-3.95,11.86,26.00
2.16,9.92,24.68
7.45,6.43,25.65
7.19,5.96,26.39
7.04,5.96,27.27
7.00,5.35,30.58
6.75,5.38,31.42
5.73,5.98,30.77
3.82,6.43,30.24
2.01,6.78,29.78
0.33,6.52,29.03
-0.35,6.06,28.23
0.42,5.45,27.53
1.67,5.17,27.36
3.39,4.75,27.54
4.93,4.45,27.68
6.24,4.33,27.61
7.65,3.83,27.39
8.61,3.16,27.74
8.63,2.19,27.92
7.04,1.23,27.72
3.10,1.37,27.42
-0.90,0.70,27.35
-2.33,2.51,28.92
-2.18,2.13,29.03
-2.18,1.75,29.00
-2.11,1.64,28.81
-2.27,1.99,27.68
-2.44,1.66,25.37
-2.53,1.54,23.95
-2.71,1.58,22.47
-2.66,1.44,20.74
-2.67,1.29,20.12
-2.58,1.14,19.84
-2.53,1.07,19.68
-2.40,0.84,19.76
-2.35,0.58,19.79
-2.43,1.07,18.09
-3.37,1.90,15.51
-4.72,3.57,13.46
-4.57,4.70,11.41
-5.22,4.67,13.07
-5.21,6.14,13.32
-3.88,6.64,14.16
-2.30,5.48,15.74
-0.88,4.12,16.92
0.52,2.87,18.09
1.20,3.03,18.07
2.32,4.26,17.48
3.20,5.41,16.58
4.19,5.63,15.80
2.96,4.75,15.61
1.96,3.21,14.87
-0.11,1.12,14.35
2.39,-0.80,16.33
2.21,-1.73,16.90
2.64,-1.75,17.57
2.67,-1.56,17.44
3.05,-1.09,16.98
3.53,-0.39,16.85
4.09,-1.02,17.49
4.44,-1.44,17.70
4.85,-1.30,17.53
5.60,-0.95,17.35
6.56,-0.42,17.34
7.42,-0.15,17.56
8.28,-0.09,17.90
9.16,-0.14,18.18
9.99,-0.08,18.33
10.13,-0.17,18.47
9.96,-0.26,18.44
9.50,-0.35,18.25
8.59,-0.48,17.96
6.86,-0.91,17.61
4.30,-1.76,17.14
1.16,-2.83,16.34
-2.88,-7.88,16.02
-2.85,-7.63,18.01
-2.74,-7.66,18.04
-2.79,-7.58,17.60
-2.66,-7.44,17.53
-2.67,-7.28,17.48
-2.67,-7.19,17.01
-2.77,-7.13,15.55
-2.87,-6.83,13.98
-2.83,-6.83,14.05
-2.78,-6.80,14.05
-2.72,-6.70,14.06
-2.67,-6.62,14.05
-2.61,-6.57,14.06
-2.55,-6.51,14.05
-2.50,-6.45,14.05
-2.46,-6.39,14.05
-2.40,-6.33,14.06
-2.34,-6.27,14.05
-1.78,-6.92,14.75
-1.51,-7.01,15.98
-1.45,-6.82,17.38
-1.50,-6.66,18.08
-1.47,-6.57,18.08
-1.44,-6.49,18.08
-1.42,-6.42,18.08
-1.39,-6.37,18.07
-1.36,-6.31,18.07
-1.34,-6.25,18.07
-1.31,-6.19,18.07
-1.28,-6.13,18.08
-1.27,-6.08,18.07
-1.24,-6.04,18.07
-1.21,-5.99,18.07
-1.19,-5.93,18.07
-1.17,-5.88,18.07
-1.14,-5.83,18.07
-1.12,-5.77,18.07
-1.09,-5.72,18.07
-1.06,-5.67,18.07
-1.05,-5.63,18.07
-1.03,-5.59,18.07
-1.01,-5.55,18.07
-0.99,-5.51,18.07
-0.98,-5.46,18.07
-0.95,-5.41,18.07
-0.93,-5.38,18.07
-0.91,-5.34,18.07
-0.90,-5.30,18.07
-0.89,-5.27,18.07
-0.87,-5.24,18.07
-0.85,-5.20,18.07
-0.84,-5.15,18.07
-0.82,-5.11,18.07
-0.81,-5.07,18.06
-0.79,-5.03,18.07
-0.78,-5.01,18.07
-0.77,-4.98,18.07
-0.75,-4.95,18.07
-0.73,-4.92,18.07
-0.72,-4.89,18.07
-0.71,-4.87,18.07
-0.70,-4.84,18.06
-0.69,-4.82,18.06
-0.68,-4.79,18.06
-0.68,-4.76,18.06
-0.67,-4.74,18.06
-0.66,-4.71,18.06
-0.64,-4.70,18.06
-0.64,-4.69,18.06
-0.62,-4.66,18.06
-0.60,-4.63,18.06
-0.60,-4.61,18.06
-0.58,-4.58,18.06
-0.56,-4.56,18.06
