-0.060,-0.028,1.023,7.639
-0.063,-0.027,0.953,7.470
-0.061,-0.025,0.855,7.764
-0.063,-0.022,0.545,7.752
-0.065,-0.019,1.057,7.657
-0.070,-0.016,0.635,7.778
-0.070,-0.015,0.667,7.480
-0.069,-0.013,0.866,7.291
-0.069,-0.011,1.198,7.406
-0.068,-0.011,1.211,7.485
-0.066,-0.012,1.163,7.535
-0.068,-0.020,0.430,7.373
-0.073,-0.021,0.712,7.792
-0.075,-0.020,0.613,7.833
-0.072,-0.015,0.885,7.723
-0.075,-0.017,0.763,7.775
-0.071,-0.017,0.540,7.832
-0.074,-0.019,1.206,7.372
-0.072,-0.022,0.845,7.982
-0.071,-0.018,0.606,7.560
-0.076,-0.019,0.769,7.681
-0.073,-0.012,0.841,7.499
-0.078,-0.015,0.060,7.214
-0.080,-0.017,0.898,7.675
-0.080,-0.018,0.732,7.583
-0.086,-0.016,0.508,7.255
-0.088,-0.017,1.023,7.780
-0.089,-0.022,0.669,7.639
-0.086,-0.023,0.621,7.523
-0.088,-0.025,1.119,7.640
-0.089,-0.027,0.967,7.563
-0.086,-0.024,0.745,7.773
-0.088,-0.027,0.531,7.603
-0.090,-0.030,1.015,7.606
-0.087,-0.033,0.573,7.501
-0.091,-0.036,0.717,7.553
-0.093,-0.036,0.932,6.919
-0.092,-0.037,1.127,7.545
-0.095,-0.037,0.888,7.577
-0.097,-0.039,0.539,7.687
-0.098,-0.040,0.662,7.685
-0.100,-0.038,0.507,7.228
-0.097,-0.042,0.827,7.638
-0.099,-0.042,0.979,7.703
-0.099,-0.041,0.763,7.514
-0.101,-0.042,0.575,7.252
-0.102,-0.050,0.846,7.587
-0.102,-0.047,0.605,7.811
-0.102,-0.046,0.725,7.373
-0.102,-0.047,1.003,7.444
-0.108,-0.049,0.892,7.782
-0.103,-0.048,0.831,7.858
-0.102,-0.044,1.121,7.792
-0.100,-0.050,0.821,7.215
-0.100,-0.052,1.031,7.901
-0.097,-0.047,0.808,7.787
-0.096,-0.048,0.931,7.848
-0.097,-0.052,0.759,7.615
-0.093,-0.061,0.451,8.113
-0.097,-0.062,0.943,7.790
-0.095,-0.056,0.862,7.218
-0.091,-0.052,0.645,7.266
-0.096,-0.048,0.724,7.359
-0.095,-0.046,0.849,7.370
-0.094,-0.047,0.937,7.545
-0.090,-0.040,0.591,7.545
-0.088,-0.041,0.483,7.446
-0.088,-0.038,0.903,7.788
-0.089,-0.048,1.410,7.992
-0.090,-0.041,0.795,7.693
-0.089,-0.039,0.576,7.865
-0.090,-0.040,0.560,7.834
-0.091,-0.040,0.794,7.511
-0.085,-0.046,0.954,7.925
-0.082,-0.043,0.633,7.440
-0.078,-0.039,0.657,7.773
-0.074,-0.038,0.860,7.870
-0.075,-0.040,0.707,7.898
-0.076,-0.033,0.666,7.951
-0.072,-0.032,0.512,7.545
-0.073,-0.038,0.974,7.291
-0.071,-0.039,0.944,7.369
-0.072,-0.043,-0.176,7.222
-0.074,-0.041,1.128,8.012
-0.074,-0.036,0.830,7.079
-0.072,-0.037,0.436,7.928
-0.055,-0.010,2.892,8.400
-0.053,-0.002,0.907,7.573
-0.052,-0.006,0.936,8.027
-0.050,-0.007,0.322,7.562
-0.055,0.014,0.819,7.766
-0.057,-0.020,-0.050,6.991
-0.055,-0.011,1.120,7.575
-0.049,-0.020,0.836,7.196
-0.045,-0.005,0.610,7.696
-0.041,0.007,1.071,7.064
-0.045,0.140,0.493,10.556
-0.118,-0.016,15.968,-1.472
-0.256,0.745,-7.905,-12.460
-0.194,1.344,-5.435,4.760
-0.188,1.378,-3.533,6.778
-0.167,1.532,-1.329,6.503
-0.161,1.666,2.325,7.410
-0.189,1.734,-2.671,5.164
-0.234,1.757,0.856,5.374
-0.259,1.904,-0.067,4.717
-0.304,1.893,-0.918,7.597
-0.342,1.949,1.686,3.376
-0.392,1.994,0.249,2.338
-0.411,1.970,-2.167,7.616
-0.442,1.930,-3.853,2.963
-0.331,2.370,-5.897,6.527
-0.343,2.198,-5.146,6.091
-0.344,2.129,-2.452,6.963
-0.372,2.040,-4.002,7.864
-0.403,1.883,1.570,12.695
-0.427,1.780,3.090,11.109
-0.442,1.822,0.686,7.578
-0.527,1.811,-6.657,7.634
-0.639,1.980,0.156,8.668
-0.688,2.115,5.035,7.385
-0.694,2.265,3.561,8.446
-0.686,2.391,-0.814,6.199
-0.732,1.986,-6.580,18.938
-0.749,1.377,-2.794,9.593
-0.737,1.135,0.500,12.177
-0.802,0.963,3.388,11.547
-0.878,0.663,11.693,3.554
-0.949,0.447,-2.188,4.190
-1.040,0.407,-3.795,4.347
-0.930,-0.246,3.453,-0.820
-0.900,-0.330,-1.858,4.145
-0.919,-0.266,-1.826,7.950
-0.734,-0.797,1.571,10.097
-0.607,-0.860,-4.782,11.118
-0.514,-0.825,-4.496,13.222
-0.455,-0.756,2.883,7.168
-0.417,-0.750,9.066,8.458
-0.392,-0.710,11.806,10.822
-0.416,-0.755,8.743,10.302
-0.442,-0.816,1.934,7.689
-0.462,-0.907,1.640,10.272
-0.474,-0.933,-1.105,7.799
-0.466,-0.963,2.797,9.483
-0.483,-0.933,1.573,8.540
-0.503,-0.835,-2.832,6.806
-0.540,-0.651,-7.104,6.858
-0.555,-0.454,-1.134,8.278
-0.470,-0.613,6.590,7.137
-0.438,-0.714,-1.420,8.859
-0.385,-0.820,-4.669,7.730
-0.365,-0.840,-2.581,10.924
-0.306,-0.909,-0.140,6.833
-0.253,-0.821,-0.929,4.267
-0.143,-0.965,1.100,10.087
-0.054,-0.986,1.063,6.377
0.001,-0.927,-2.036,7.594
0.040,-0.811,-3.886,6.479
0.047,-0.734,1.807,7.266
-0.059,-0.523,2.216,10.382
-0.148,-0.359,6.829,11.010
-0.206,-0.279,3.266,7.835
-0.211,-0.264,1.363,8.710
-0.194,-0.317,4.922,8.129
-0.201,-0.354,2.328,7.158
-0.205,-0.372,-1.245,6.290
-0.239,-0.338,-0.297,6.346
-0.248,-0.334,-0.786,5.950
-0.225,-0.350,-0.301,7.808
-0.218,-0.321,-0.302,7.108
-0.149,-0.259,-0.481,6.807
-0.124,-0.137,-0.654,7.022
-0.095,-0.075,0.229,8.822
-0.020,-0.040,0.533,10.484
0.148,0.024,-0.439,7.674
0.334,0.091,-1.316,5.960
0.451,0.295,-0.442,7.415
0.671,0.578,-0.833,8.105
0.876,0.777,-1.651,6.402
0.989,1.075,-1.707,8.423
1.194,1.763,-1.979,5.997
1.366,2.447,-1.668,4.484
1.569,3.030,-2.380,5.578
1.788,3.623,-1.931,2.911
2.002,4.377,-3.023,4.053
2.068,5.609,-3.468,1.613
2.178,7.104,-3.072,0.475
2.270,9.096,-2.865,-1.017
2.357,11.061,-2.962,-5.557
2.555,13.169,-3.045,-5.367
2.693,15.395,-4.204,-9.083
2.708,17.453,-4.563,-11.626
2.705,19.807,-4.045,-12.724
2.782,22.001,-3.451,-15.684
2.882,24.467,-4.027,-17.158
2.749,27.136,-4.439,-21.043
2.511,29.985,-1.045,-22.627
2.375,32.928,-2.593,-27.656
2.315,35.690,-0.700,-31.911
2.530,38.201,-6.111,-37.873
2.637,41.144,-3.904,-36.333
2.641,44.302,-1.964,-43.416
2.953,47.253,2.806,-43.237
3.630,50.323,0.868,-46.974
4.367,53.342,-2.785,-52.165
4.686,56.349,-3.591,-59.338
4.953,59.366,-2.343,-61.557
5.270,61.962,0.195,-62.580
5.531,64.380,-1.005,-66.851
5.777,66.490,-2.576,-67.722
5.787,68.197,-5.237,-72.531
5.714,69.716,0.190,-72.635
5.680,70.765,-0.832,-74.028
5.695,71.620,-0.843,-73.852
5.712,72.341,-6.494,-75.690
5.707,73.069,-1.891,-74.747
5.799,73.819,2.129,-75.720
5.988,74.576,1.354,-77.500
6.604,75.209,-1.017,-77.673
7.729,75.599,0.496,-76.034
8.518,76.212,-0.529,-78.088
8.703,76.950,-27.827,-85.061
8.665,77.675,-10.368,-82.049
8.596,78.384,0.187,-81.770
8.489,78.953,3.439,-82.290
8.446,79.450,1.389,-82.520
8.346,79.943,-2.438,-84.883
8.343,80.471,7.366,-83.255
8.289,80.897,3.456,-84.262
8.245,81.359,0.563,-85.797
8.144,81.861,3.665,-85.528
8.074,82.392,-0.518,-86.206
7.987,82.906,17.118,-86.832
7.941,83.392,7.653,-87.303
7.942,83.915,6.473,-88.549
7.841,84.285,58.112,-88.683
7.820,84.536,68.067,-88.544
7.840,84.700,34.533,-88.643
7.791,84.707,142.009,-89.358
7.564,84.707,48.383,-88.918
7.383,84.699,24.124,-87.421
7.288,84.697,29.298,-88.604
7.256,84.717,21.993,-88.110
7.275,84.878,24.092,-87.460
7.277,85.197,27.607,-88.618
7.244,85.457,65.050,-89.215
7.246,85.695,113.508,-89.082
7.240,85.937,101.203,-89.212
7.228,86.126,140.811,-88.799
7.216,86.198,164.638,-88.945
7.176,86.134,176.944,-88.936
7.138,86.064,51.399,-89.430
7.072,86.054,166.021,-89.083
7.022,86.015,112.496,-89.599
6.993,86.028,16.928,-89.543
6.902,86.134,-147.665,-89.515
6.704,86.247,156.078,-89.460
6.523,86.319,170.502,-89.027
6.285,86.311,-176.031,-89.073
6.119,86.332,72.508,-88.407
6.037,86.418,128.277,-88.695
6.032,86.586,146.712,-88.674
6.036,86.655,160.417,-88.570
6.011,86.693,161.310,-88.944
6.009,86.661,157.424,-88.105
6.009,86.508,159.586,-88.768
5.989,86.417,145.168,-89.002
5.945,86.377,142.125,-89.441
5.947,86.407,134.732,-88.871
5.974,86.427,143.070,-89.279
5.979,86.407,147.752,-88.968
5.976,86.382,133.755,-88.782
5.971,86.394,135.593,-88.455
5.969,86.416,141.602,-88.843
5.974,86.430,158.284,-88.581
5.979,86.391,142.060,-88.833
5.970,86.418,120.779,-89.203
5.981,86.458,121.288,-88.633
6.016,86.491,156.566,-88.806
6.060,86.488,129.526,-88.746
6.084,86.519,86.548,-88.821
6.093,86.509,145.657,-89.000
6.090,86.456,156.689,-88.508
6.073,86.400,153.731,-89.012
6.055,86.308,159.803,-89.232
6.054,86.266,126.837,-88.689
6.054,86.172,126.396,-89.182
6.060,86.216,91.219,-89.115
6.088,86.293,121.399,-88.978
6.109,86.323,121.441,-89.080
6.100,86.297,136.364,-88.432
6.082,86.235,108.435,-89.089
6.076,86.247,110.714,-89.520
6.086,86.291,104.389,-89.259
6.104,86.352,162.078,-88.936
6.110,86.377,129.992,-88.968
6.129,86.425,119.376,-89.355
6.147,86.484,121.386,-89.294
6.174,86.525,124.597,-88.618
6.176,86.480,148.408,-89.064
6.155,86.431,168.596,-89.105
6.148,86.370,126.347,-89.258
6.146,86.321,141.134,-88.852
6.145,86.324,112.116,-89.114
6.154,86.407,127.790,-89.107
6.175,86.442,150.068,-88.708
6.167,86.465,133.481,-88.610
6.156,86.394,155.556,-89.141
6.141,86.408,134.646,-89.145
6.159,86.435,142.613,-88.919
6.171,86.459,159.586,-88.758
6.165,86.468,134.646,-89.145
6.145,86.468,149.151,-88.717
6.124,86.436,113.505,-88.723
6.120,86.479,126.703,-88.719
6.138,86.564,122.995,-89.060
6.171,86.690,145.100,-88.298
6.190,86.780,158.390,-88.559
6.185,86.800,157.393,-88.761
6.175,86.780,165.563,-88.577
6.168,86.774,144.025,-89.088
6.171,86.769,141.813,-88.793
6.169,86.714,149.151,-88.716
6.164,86.663,144.061,-88.756
6.160,86.647,149.592,-88.676
6.151,86.650,146.158,-88.823
6.154,86.659,144.218,-88.780
6.161,86.678,145.697,-88.555
6.164,86.686,165.999,-88.519
6.168,86.649,156.277,-88.823
6.162,86.615,108.435,-89.040
6.157,86.571,139.557,-89.268
6.159,86.561,150.693,-88.841
6.162,86.534,143.093,-88.833
6.166,86.530,136.102,-88.623
6.162,86.540,152.354,-88.843
6.161,86.527,139.332,-88.940
6.163,86.502,119.713,-89.169
6.170,86.471,114.689,-89.127
6.174,86.457,143.315,-89.302
6.178,86.459,122.506,-89.054
6.183,86.454,138.050,-88.703
6.185,86.461,143.091,-88.899
6.184,86.473,103.530,-89.277
6.194,86.486,138.117,-88.927
6.203,86.506,162.078,-88.938
6.202,86.518,154.394,-88.895
6.198,86.512,131.852,-88.940
6.196,86.487,123.033,-89.007
6.189,86.444,136.035,-89.122
6.183,86.395,140.262,-88.780
6.173,86.354,131.424,-89.060
6.171,86.304,127.804,-88.943
6.166,86.264,125.616,-88.728
6.163,86.286,86.072,-88.753
6.175,86.307,160.217,-89.004
6.178,86.334,136.935,-89.212
6.174,86.302,112.380,-88.962
6.171,86.289,105.291,-88.964
6.182,86.291,128.169,-88.970
6.188,86.308,129.925,-88.387
6.191,86.330,113.663,-88.898
6.185,86.336,130.727,-89.078
6.183,86.333,129.879,-88.876
6.181,86.353,114.268,-88.789
6.192,86.365,140.042,-88.378
6.191,86.360,132.773,-89.042
6.188,86.354,130.121,-88.684
6.182,86.340,142.421,-88.725
6.165,86.331,112.207,-88.924
6.169,86.313,117.350,-89.144
6.164,86.328,129.787,-88.543
6.167,86.299,150.524,-88.909
6.162,86.303,163.225,-89.176
6.165,86.320,148.581,-89.033
6.165,86.326,149.525,-88.800
6.149,86.302,123.749,-89.000
6.129,86.237,110.703,-88.793
6.126,86.232,117.801,-88.834
6.138,86.288,154.140,-89.053
6.142,86.357,148.536,-89.111
6.129,86.358,95.285,-89.148
6.126,86.376,108.786,-88.442
6.127,86.363,122.995,-89.059
6.121,86.350,118.247,-88.910
6.117,86.361,97.615,-89.292
6.118,86.356,115.681,-89.028
6.115,86.316,133.434,-88.638
6.118,86.295,143.881,-89.144
6.121,86.278,147.550,-88.395
6.116,86.265,122.866,-88.918
6.112,86.275,133.923,-88.583
6.114,86.287,108.041,-89.309
6.114,86.292,123.140,-88.390
6.111,86.278,107.663,-89.290
6.104,86.252,122.435,-89.094
6.116,86.253,98.995,-89.009
6.121,86.265,123.033,-89.002
6.111,86.375,125.805,-88.493
6.123,86.458,171.371,-89.025
6.127,86.454,142.888,-89.119
6.109,86.423,133.301,-88.743
6.100,86.370,135.333,-89.091
6.108,86.359,115.540,-89.153
6.122,86.379,129.992,-88.967
6.127,86.361,137.691,-88.767
6.113,86.325,147.255,-88.671
6.106,86.295,137.386,-88.854
6.108,86.287,138.668,-88.749
6.114,86.295,119.008,-89.093
6.122,86.302,129.153,-89.115
6.126,86.315,119.103,-89.132
6.119,86.289,133.329,-88.726
6.115,86.261,136.035,-89.118
6.119,86.255,134.001,-89.087
6.130,86.252,134.646,-89.143
6.137,86.253,137.025,-88.949
6.126,86.228,142.297,-89.128
6.123,86.200,119.414,-88.953
6.125,86.206,112.380,-89.239
6.131,86.222,125.947,-89.023
6.140,86.245,128.272,-89.055
6.134,86.217,87.809,-89.311
6.123,86.182,111.080,-89.274
6.127,86.178,134.767,-88.697
6.135,86.172,110.066,-89.338
6.139,86.176,134.678,-89.051
6.138,86.165,134.039,-88.424
6.130,86.152,109.885,-89.065
6.139,86.152,133.091,-88.563
6.133,86.141,115.037,-88.667
6.134,86.143,101.821,-89.182
6.132,86.126,106.821,-89.158
6.132,86.111,123.894,-88.530
6.139,86.114,129.691,-88.800
6.141,86.120,117.181,-89.533
6.138,86.141,130.914,-89.027
6.129,86.125,130.452,-89.534
6.126,86.107,87.809,-89.315
6.123,86.110,117.708,-89.411
6.125,86.120,126.987,-88.903
6.120,86.125,134.774,-88.651
6.114,86.114,102.115,-89.263
6.109,86.098,139.564,-88.723
6.103,86.079,141.857,-89.156
6.110,86.101,98.480,-88.953
6.113,86.117,78.499,-89.119
6.112,86.109,118.622,-88.554
6.105,86.097,126.469,-88.592
6.103,86.102,65.674,-89.098
6.104,86.109,116.128,-88.904
6.109,86.124,125.538,-88.809
6.106,86.127,112.097,-88.516
6.103,86.111,102.393,-89.143
6.098,86.102,135.298,-88.977
6.097,86.124,93.698,-89.007
6.097,86.170,118.630,-89.115
6.098,86.219,108.227,-88.691
6.083,86.190,111.071,-89.072
6.053,86.099,116.488,-88.736
6.032,86.039,88.844,-88.709
6.028,86.019,123.232,-89.094
6.034,86.017,118.722,-88.618
6.043,86.009,105.975,-89.004
6.033,85.993,112.528,-88.737
6.021,85.982,80.438,-88.938
6.034,85.994,97.543,-89.178
6.047,86.015,95.327,-88.825
6.041,85.997,127.345,-89.004
6.028,85.981,92.394,-88.816
6.030,86.010,89.170,-89.230
6.036,86.034,132.397,-88.949
6.020,86.014,104.271,-88.890
5.971,85.929,128.246,-88.788
5.932,85.845,86.048,-88.965
5.922,85.822,110.720,-88.931
5.933,85.836,71.935,-88.896
5.945,85.863,48.468,-89.123
5.958,85.863,119.314,-89.198
5.958,85.850,96.259,-89.416
5.958,85.838,74.489,-89.118
5.960,85.835,87.709,-88.967
5.958,85.829,72.175,-88.882
5.961,85.840,86.152,-89.159
5.965,85.850,74.340,-89.061
5.960,85.835,88.264,-89.133
5.950,85.819,102.591,-88.878
5.951,85.820,58.948,-89.164
5.963,85.849,74.224,-89.136
5.965,85.850,101.586,-89.085
5.962,85.831,127.423,-88.835
5.953,85.801,70.288,-89.248
5.947,85.808,60.422,-88.883
5.955,85.839,106.595,-89.407
5.968,85.866,123.771,-89.261
5.966,85.880,108.169,-88.969
5.962,85.902,78.690,-88.791
5.961,85.923,123.966,-88.920
5.954,85.937,93.438,-88.939
5.950,85.952,114.366,-89.087
5.941,85.939,120.426,-88.629
5.931,85.929,113.009,-89.104
5.934,85.912,110.959,-88.807
5.944,85.919,110.632,-89.009
5.948,85.916,110.253,-89.260
5.952,85.931,92.643,-89.269
5.954,85.946,92.873,-89.031
5.954,85.927,95.793,-89.216
5.947,85.923,88.100,-89.204
5.960,85.976,101.923,-89.037
5.979,86.019,100.695,-88.778
5.979,86.030,108.950,-88.433
5.976,86.033,126.667,-88.941
5.967,86.033,126.012,-88.952
5.973,86.020,92.976,-88.769
5.986,86.017,73.281,-88.970
5.983,86.007,128.246,-88.777
5.977,85.990,91.521,-88.724
5.975,85.985,87.634,-88.634
5.977,85.985,126.435,-89.105
5.973,85.980,118.564,-88.891
5.965,85.972,100.981,-88.716
5.974,85.986,74.745,-88.760
5.980,86.024,107.858,-89.062
5.990,86.060,118.711,-89.148
6.003,86.106,130.875,-88.893
6.011,86.127,82.357,-89.125
6.002,86.116,119.090,-88.822
5.996,86.088,112.116,-89.114
5.987,86.074,108.086,-88.441
5.985,86.080,94.717,-88.858
5.987,86.084,114.237,-88.965
5.971,86.049,114.235,-88.645
5.966,86.026,106.985,-89.060
5.970,86.033,129.009,-89.134
5.975,86.034,96.699,-88.809
5.970,86.042,131.874,-88.732
5.960,86.024,115.457,-88.530
5.955,85.998,110.023,-88.629
5.957,86.008,82.686,-88.738
5.963,86.042,107.712,-89.244
5.950,86.026,109.021,-88.606
5.952,86.015,136.137,-88.674
5.952,86.005,96.699,-88.813
5.949,85.990,93.937,-89.076
5.937,85.968,122.584,-88.538
5.942,85.952,99.293,-88.956
5.943,85.948,141.804,-89.059
5.941,85.957,131.424,-89.060
5.940,85.964,89.243,-89.157
5.942,85.965,122.215,-88.584
5.948,85.974,117.674,-88.694
5.958,85.988,112.068,-88.949
5.960,85.986,120.237,-89.189
5.959,85.968,62.335,-89.046
5.963,85.964,106.969,-88.705
5.973,85.958,82.771,-88.717
5.972,85.945,115.110,-88.601
5.964,85.925,138.453,-88.153
5.964,85.913,93.766,-88.801
5.967,85.924,99.318,-88.774
5.959,85.913,98.730,-88.987
5.954,85.899,107.911,-88.957
5.957,85.894,112.176,-88.405
5.955,85.888,109.863,-89.238
5.957,85.887,90.288,-89.252
5.963,85.906,100.731,-88.693
5.962,85.904,92.707,-88.968
5.951,85.892,67.221,-88.649
5.947,85.886,91.486,-88.703
5.956,85.900,104.085,-88.937
5.962,85.908,82.610,-89.092
5.960,85.891,108.038,-88.629
5.954,85.871,86.829,-88.715
5.962,85.874,70.084,-89.168
5.968,85.875,110.376,-88.737
5.961,85.872,122.726,-88.573
5.957,85.862,74.078,-88.762
5.954,85.856,96.872,-88.837
5.957,85.846,98.911,-88.915
5.956,85.845,82.541,-88.644
5.960,85.850,111.153,-89.198
5.964,85.860,103.704,-88.271
5.963,85.859,78.539,-88.883
5.957,85.843,93.664,-89.237
5.963,85.843,91.106,-89.028
5.967,85.859,104.271,-88.890
5.969,85.865,87.341,-88.780
5.970,85.864,103.058,-88.984
5.966,85.844,111.156,-88.693
5.966,85.847,107.021,-88.650
5.959,85.841,90.240,-89.096
5.956,85.841,109.018,-89.061
5.941,85.826,87.099,-88.597
5.940,85.819,104.441,-88.835
5.942,85.834,79.429,-88.631
5.941,85.838,118.554,-89.082
5.942,85.833,101.547,-88.936
5.940,85.824,100.325,-89.061
5.936,85.806,86.580,-89.046
5.933,85.793,78.147,-89.071
5.936,85.795,66.686,-89.027
5.940,85.803,104.402,-88.712
5.950,85.801,90.169,-88.722
5.937,85.741,60.945,-88.798
5.927,85.707,63.511,-88.724
5.933,85.715,91.027,-88.947
5.943,85.736,98.990,-88.727
5.943,85.740,84.310,-88.981
5.939,85.730,79.455,-89.118
5.945,85.731,74.078,-88.753
5.949,85.740,118.149,-88.843
5.952,85.756,109.547,-88.781
5.947,85.754,59.931,-88.601
5.950,85.756,82.458,-88.649
5.954,85.774,116.141,-88.869
5.956,85.777,88.641,-88.896
5.958,85.790,94.319,-88.762
5.963,85.796,92.334,-88.802
5.963,85.784,76.548,-88.657
5.956,85.760,76.891,-89.151
5.952,85.751,51.710,-88.821
5.951,85.753,84.138,-89.014
5.958,85.774,86.548,-88.821
5.951,85.764,129.887,-88.990
5.939,85.739,77.895,-88.508
5.947,85.741,72.602,-88.560
5.959,85.760,50.422,-88.420
5.966,85.783,79.937,-88.649
5.956,85.773,92.490,-88.879
5.954,85.752,74.345,-88.681
5.961,85.767,81.642,-89.196
5.971,85.774,75.906,-89.086
5.969,85.767,90.653,-88.362
5.966,85.759,90.781,-88.616
5.960,85.762,109.041,-88.653
5.956,85.772,110.179,-88.593
5.959,85.777,77.174,-88.665
5.959,85.769,103.751,-88.716
5.963,85.767,78.078,-88.338
5.963,85.768,91.747,-88.903
5.965,85.773,88.817,-88.726
5.974,85.787,80.714,-88.994
5.979,85.790,92.051,-88.636
5.982,85.789,87.130,-88.574
5.982,85.790,102.333,-88.931
5.987,85.796,91.596,-88.787
5.991,85.798,84.240,-88.695
5.994,85.797,94.481,-88.797
6.004,85.814,97.143,-88.513
6.012,85.813,93.774,-88.576
6.006,85.775,88.727,-88.815
6.001,85.757,93.298,-88.889
6.007,85.759,81.639,-88.673
6.009,85.766,79.258,-88.809
6.011,85.767,86.754,-88.744
6.013,85.769,87.476,-88.369
6.011,85.761,90.826,-88.697
6.003,85.744,78.011,-89.005
6.001,85.755,98.307,-88.631
6.002,85.773,101.097,-88.811
6.001,85.769,96.990,-88.613
5.998,85.755,83.719,-88.390
5.999,85.764,84.245,-88.549
6.002,85.784,86.468,-89.083
6.006,85.791,62.946,-88.625
6.007,85.783,93.664,-89.234
6.014,85.778,95.083,-88.602
6.017,85.780,96.896,-88.728
6.013,85.782,73.014,-88.778
6.015,85.788,79.810,-88.487
6.023,85.802,83.474,-88.975
6.027,85.820,107.328,-88.530
6.029,85.814,127.742,-88.858
6.016,85.785,60.329,-88.908
6.021,85.777,100.756,-88.931
6.032,85.801,71.672,-88.718
6.042,85.818,65.854,-89.160
6.039,85.817,75.548,-88.870
6.038,85.817,82.702,-88.605
6.036,85.805,111.441,-89.002
6.035,85.790,84.240,-88.696
6.035,85.796,94.670,-88.668
6.042,85.810,75.569,-88.814
6.038,85.820,78.848,-88.932
6.032,85.807,67.759,-88.826
6.030,85.791,83.891,-88.769
6.031,85.784,92.940,-88.751
6.035,85.800,98.791,-88.890
6.042,85.828,104.886,-88.467
6.036,85.840,93.438,-88.931
6.028,85.834,73.416,-88.743
6.035,85.837,126.667,-88.932
6.040,85.830,80.301,-88.960
6.044,85.823,66.058,-88.939
6.050,85.837,102.218,-88.428
6.052,85.848,91.637,-88.821
6.053,85.840,98.990,-88.722
6.056,85.833,106.189,-88.907
6.059,85.820,110.659,-89.268
6.061,85.816,91.420,-88.632
6.066,85.839,98.684,-88.665
6.074,85.852,121.474,-88.841
6.078,85.851,70.201,-88.907
6.078,85.842,106.576,-88.829
6.073,85.822,110.202,-89.075
6.081,85.835,109.398,-88.590
6.086,85.836,75.722,-88.922
6.089,85.838,110.142,-88.722
6.093,85.850,79.249,-88.491
6.088,85.842,65.655,-88.911
6.082,85.820,79.152,-88.905
6.086,85.810,77.893,-88.728
6.083,85.800,87.805,-88.924
6.078,85.796,89.487,-88.740
6.077,85.796,78.326,-88.606
6.078,85.785,73.777,-88.837
6.079,85.788,67.306,-88.884
6.082,85.784,88.184,-88.702
6.084,85.789,96.816,-88.702
6.086,85.805,100.376,-88.641
6.089,85.805,121.165,-89.266
6.093,85.795,78.813,-88.629
6.095,85.792,79.971,-88.818
6.098,85.788,106.216,-89.022
6.094,85.781,92.940,-88.758
6.090,85.783,109.087,-88.744
6.093,85.775,99.328,-88.682
6.093,85.773,69.998,-89.042
6.091,85.758,76.122,-89.017
6.090,85.757,87.676,-88.984
6.092,85.771,93.984,-88.630
6.094,85.776,85.551,-88.697
6.099,85.785,94.072,-88.885
6.101,85.782,114.291,-88.607
6.091,85.758,94.497,-88.998
6.093,85.767,73.217,-88.768
6.109,85.792,85.418,-88.925
6.107,85.796,68.962,-89.213
6.091,85.765,100.008,-88.769
6.095,85.764,103.287,-88.671
6.104,85.795,106.721,-89.047
6.103,85.782,84.699,-88.906
6.099,85.751,101.878,-88.960
6.092,85.736,81.094,-88.656
6.098,85.753,95.194,-88.630
6.102,85.772,72.516,-88.711
6.107,85.781,101.083,-88.885
6.106,85.773,93.698,-89.013
6.101,85.760,88.583,-88.939
6.105,85.774,84.138,-89.007
6.106,85.789,81.918,-88.749
6.101,85.801,94.978,-88.914
6.103,85.791,109.547,-88.779
6.101,85.792,75.496,-88.994
6.101,85.805,99.888,-88.757
6.105,85.822,87.176,-89.159
6.100,85.829,99.909,-88.492
6.089,85.813,95.834,-88.788
6.090,85.810,96.086,-88.684
6.080,85.796,90.865,-88.750
6.069,85.793,98.519,-89.057
6.077,85.807,95.007,-88.757
6.084,85.812,81.721,-88.770
6.086,85.804,91.679,-88.849
6.071,85.779,81.406,-88.817
6.058,85.762,84.186,-88.547
6.065,85.771,93.720,-88.790
6.078,85.802,64.250,-88.942
6.080,85.818,90.876,-88.780
6.073,85.805,83.527,-88.570
6.080,85.813,99.431,-88.877
6.091,85.820,73.014,-88.783
6.099,85.821,90.898,-88.807
6.101,85.814,93.814,-88.812
6.106,85.811,110.943,-89.021
6.102,85.810,87.274,-88.819
6.104,85.814,99.428,-88.969
6.116,85.812,86.832,-88.985
6.109,85.797,74.083,-88.973
6.104,85.774,91.771,-88.904
6.107,85.768,90.197,-88.912
6.113,85.780,77.167,-89.006
6.117,85.785,79.051,-88.610
6.117,85.783,84.518,-88.784
6.118,85.772,88.788,-88.762
6.118,85.772,102.205,-88.776
6.123,85.787,83.280,-88.751
6.127,85.795,79.763,-88.586
6.125,85.792,119.164,-88.850
6.120,85.785,84.771,-88.888
6.122,85.772,88.677,-88.861
6.131,85.786,72.068,-88.650
6.129,85.792,106.778,-88.682
6.125,85.789,98.398,-88.641
6.123,85.781,81.193,-88.651
6.119,85.768,93.913,-88.843
6.123,85.763,113.611,-89.310
6.124,85.763,73.850,-88.986
6.127,85.771,80.320,-88.861
6.125,85.770,80.301,-88.954
6.120,85.769,81.828,-88.544
6.125,85.784,79.843,-88.828
6.132,85.789,107.195,-88.471
6.133,85.771,83.800,-88.649
6.127,85.753,98.386,-89.042
6.123,85.769,100.756,-88.932
6.126,85.789,108.241,-88.600
6.130,85.791,88.870,-88.669
6.129,85.783,97.324,-88.790
6.125,85.773,60.486,-88.736
6.127,85.768,79.712,-88.847
6.135,85.788,105.291,-88.961
6.136,85.788,89.454,-88.816
6.133,85.777,80.687,-88.811
6.127,85.769,89.366,-88.980
6.130,85.784,91.701,-88.859
6.139,85.808,99.433,-88.783
6.139,85.814,125.961,-88.806
6.138,85.801,78.828,-88.784
6.137,85.789,82.942,-88.812
6.134,85.784,89.346,-89.010
6.137,85.788,104.546,-88.669
6.131,85.791,58.211,-88.834
6.124,85.789,67.158,-88.735
6.124,85.777,104.744,-88.748
6.122,85.763,102.797,-88.697
6.120,85.751,94.728,-88.499
6.125,85.761,87.893,-88.876
6.126,85.778,82.042,-88.943
6.129,85.791,112.860,-88.835
6.138,85.802,95.433,-88.697
6.141,85.800,91.796,-88.925
6.134,85.769,122.553,-88.798
6.134,85.748,74.418,-88.617
6.141,85.757,81.954,-89.276
6.139,85.766,84.081,-88.869
6.138,85.762,88.817,-88.727
6.138,85.753,100.201,-88.705
6.134,85.744,101.775,-88.727
6.136,85.736,119.187,-88.415
6.138,85.743,112.032,-88.794
6.140,85.760,99.883,-88.409
6.136,85.744,63.893,-88.955
6.138,85.749,60.540,-88.970
6.140,85.745,98.130,-89.230
6.144,85.754,92.558,-88.911
6.146,85.761,77.233,-88.724
6.144,85.757,84.680,-89.065
6.143,85.740,65.978,-88.905
6.140,85.715,74.840,-89.209
6.146,85.705,79.173,-89.298
6.153,85.715,73.826,-89.107
6.155,85.703,100.201,-88.711
6.148,85.683,87.308,-88.794
6.148,85.662,76.397,-88.668
6.154,85.667,53.276,-88.521
6.161,85.685,88.831,-88.713
6.161,85.690,77.722,-88.601
6.159,85.694,97.152,-89.004
6.168,85.723,76.091,-88.763
6.177,85.756,137.822,-89.247
6.169,85.728,70.463,-88.892
6.167,85.701,91.503,-88.713
6.180,85.717,71.225,-88.799
6.184,85.733,96.229,-88.721
6.178,85.717,58.829,-88.932
6.174,85.703,83.762,-89.068
6.176,85.703,70.139,-88.954
6.183,85.703,78.403,-88.818
6.190,85.706,82.304,-88.450
6.197,85.724,88.831,-88.713
6.193,85.726,77.689,-88.815
6.186,85.720,94.890,-88.722
6.191,85.721,75.626,-89.229
6.198,85.732,99.293,-88.954
6.199,85.739,77.804,-88.673
6.204,85.752,91.319,-88.533
6.206,85.764,89.417,-88.896
6.202,85.749,65.655,-88.918
6.197,85.744,80.676,-88.734
6.197,85.745,82.469,-88.883
6.197,85.754,95.194,-89.134
6.200,85.750,102.164,-88.912
6.189,85.724,74.610,-88.884
6.178,85.705,81.594,-88.888
6.182,85.709,81.733,-88.664
6.184,85.713,86.715,-88.759
6.183,85.714,77.316,-88.649
6.177,85.713,74.812,-88.866
6.173,85.715,77.140,-88.796
6.182,85.751,78.828,-88.775
6.188,85.771,75.496,-89.002
6.182,85.745,99.345,-88.500
6.174,85.701,98.130,-88.807
6.178,85.696,93.630,-88.754
6.178,85.717,92.440,-88.495
6.179,85.716,100.442,-88.739
6.174,85.698,105.405,-88.743
6.172,85.688,112.154,-88.748
6.174,85.675,104.285,-88.949
6.186,85.693,76.827,-89.092
6.190,85.705,87.974,-88.826
6.193,85.704,95.433,-88.697
6.188,85.687,108.211,-88.785
6.188,85.678,100.607,-88.919
6.198,85.693,68.647,-89.022
6.206,85.711,133.796,-88.733
6.207,85.727,86.580,-89.058
6.200,85.704,79.843,-88.824
6.196,85.685,75.928,-88.535
6.207,85.703,70.358,-88.767
6.218,85.718,64.400,-88.302
6.213,85.713,99.709,-89.001
6.208,85.704,89.417,-88.891
6.202,85.692,73.166,-89.231
6.206,85.697,97.444,-88.579
6.217,85.713,102.667,-88.816
6.208,85.699,91.747,-88.893
6.205,85.685,74.855,-88.631
6.201,85.693,69.775,-88.707
6.202,85.701,83.527,-88.564
6.205,85.712,98.603,-88.973
6.205,85.721,84.081,-88.874
6.203,85.706,70.001,-88.865
6.200,85.683,98.322,-88.727
6.202,85.681,111.511,-88.758
6.206,85.669,64.530,-88.506
6.199,85.663,75.923,-88.718
6.203,85.655,92.668,-88.949
6.206,85.641,124.177,-88.904
6.211,85.628,112.317,-88.530
6.210,85.627,65.113,-88.790
6.216,85.631,108.227,-88.688
6.221,85.645,85.792,-88.613
6.222,85.641,71.238,-88.757
6.212,85.629,97.775,-88.974
6.213,85.618,102.709,-89.099
6.217,85.637,97.931,-88.773
6.217,85.648,78.450,-88.587
6.216,85.640,116.752,-88.453
6.203,85.617,81.094,-88.666
6.197,85.607,88.061,-88.338
6.209,85.631,88.236,-88.184
6.225,85.656,94.069,-89.100
6.225,85.645,83.568,-88.961
6.216,85.606,97.474,-88.694
6.214,85.600,96.229,-88.721
6.227,85.617,76.898,-88.494
6.228,85.622,104.074,-88.618
6.224,85.607,84.925,-89.027
6.228,85.592,72.912,-88.886
6.223,85.569,79.557,-89.026
6.220,85.565,99.750,-88.651
6.224,85.567,74.345,-88.676
6.228,85.559,98.842,-88.812
6.223,85.542,67.479,-88.841
6.214,85.504,87.825,-88.517
6.218,85.487,71.432,-88.975
6.224,85.489,78.104,-88.556
6.214,85.465,76.882,-88.696
6.209,85.444,78.963,-88.768
6.209,85.432,84.432,-88.652
6.185,85.388,76.218,-88.563
6.167,85.356,73.820,-88.625
6.157,85.339,67.705,-88.632
6.136,85.304,106.821,-89.157
6.121,85.258,82.227,-88.809
6.111,85.213,70.272,-88.620
6.112,85.179,57.748,-88.800
6.107,85.173,71.471,-88.542
6.106,85.191,65.466,-88.808
6.106,85.198,68.558,-88.786
6.099,85.182,61.919,-88.527
6.095,85.153,66.483,-88.569
6.091,85.141,86.251,-88.678
6.087,85.141,57.743,-88.456
6.093,85.152,60.702,-88.628
6.105,85.156,81.201,-88.443
6.100,85.134,71.637,-88.098
6.094,85.112,40.584,-88.608
6.082,85.087,66.884,-88.628
6.067,85.045,62.787,-88.363
6.057,85.002,53.851,-87.795
6.055,84.983,69.931,-88.071
6.065,85.025,57.493,-88.126
6.076,85.036,58.258,-88.004
6.075,85.048,82.923,-88.335
6.093,85.105,70.952,-88.441
6.112,85.148,71.491,-88.170
6.106,85.133,60.889,-88.532
6.091,85.124,59.621,-88.110
6.085,85.157,76.147,-87.996
6.081,85.231,77.317,-88.041
6.098,85.277,64.623,-87.963
6.120,85.308,67.407,-88.137
6.137,85.306,70.129,-88.201
6.142,85.303,72.208,-88.101
6.138,85.368,73.138,-88.366
6.127,85.402,58.974,-88.811
6.108,85.396,69.179,-88.580
6.085,85.351,55.188,-88.126
6.065,85.275,68.179,-87.946
6.065,85.248,58.507,-87.901
6.081,85.284,58.452,-87.837
6.093,85.322,79.810,-88.495
6.086,85.308,69.617,-88.120
6.077,85.275,41.690,-87.787
6.085,85.299,76.166,-88.192
6.096,85.310,80.391,-88.304
6.097,85.304,57.105,-87.817
6.108,85.330,64.573,-88.221
6.126,85.406,66.105,-88.376
6.136,85.448,82.660,-88.389
6.123,85.446,79.222,-88.424
6.107,85.429,59.174,-88.402
6.095,85.369,82.522,-88.403
6.095,85.336,73.339,-88.392
6.109,85.350,71.033,-88.208
6.129,85.342,47.128,-88.296
6.133,85.269,72.020,-88.506
6.107,85.165,52.567,-88.558
6.073,85.062,64.000,-88.459
6.059,85.042,54.852,-88.043
6.083,85.117,59.914,-87.738
6.111,85.169,72.481,-88.361
6.119,85.205,58.596,-88.824
6.109,85.222,77.512,-88.273
6.117,85.245,76.583,-88.392
6.132,85.283,78.345,-88.535
6.129,85.286,79.258,-88.808
6.111,85.232,54.951,-88.470
6.098,85.156,64.839,-88.560
6.092,85.092,52.663,-88.257
6.087,85.027,57.302,-88.250
6.070,84.971,75.416,-88.755
6.038,84.895,61.268,-88.441
5.982,84.825,52.918,-87.753
5.970,84.777,56.811,-87.977
5.983,84.806,53.827,-87.726
5.986,84.865,45.779,-87.672
5.987,84.951,61.398,-87.978
6.017,85.043,66.801,-88.358
6.065,85.159,62.460,-88.134
6.092,85.249,54.044,-88.449
6.099,85.257,92.681,-88.645
6.092,85.212,68.352,-88.175
6.064,85.134,80.475,-88.289
6.045,85.112,64.483,-88.449
6.046,85.115,76.953,-88.137
6.043,85.086,73.511,-88.530
6.021,84.994,74.910,-88.161
5.993,84.897,51.134,-88.208
5.982,84.834,49.456,-87.943
5.975,84.821,54.565,-87.551
5.988,84.856,42.597,-87.709
6.003,84.915,62.494,-88.052
6.008,84.933,62.722,-87.982
6.008,84.956,60.062,-88.186
6.020,85.017,53.427,-88.119
6.044,85.089,58.799,-88.437
6.063,85.149,69.460,-88.392
6.070,85.171,72.300,-88.325
6.075,85.180,48.586,-87.944
6.069,85.139,84.105,-88.726
6.059,85.083,43.395,-88.100
6.057,85.062,65.043,-88.273
6.049,85.058,51.688,-88.357
6.046,85.034,41.265,-88.199
6.036,84.996,62.478,-88.096
6.026,84.962,51.162,-87.894
6.031,84.972,57.943,-87.769
6.051,85.011,49.795,-87.600
6.050,85.008,72.045,-88.019
6.043,84.994,57.130,-88.181
6.049,85.018,55.386,-87.978
6.049,85.047,78.920,-88.533
6.049,85.074,56.711,-88.066
6.057,85.104,54.258,-88.276
6.062,85.116,73.877,-88.164
6.046,85.073,78.133,-88.488
6.027,84.998,51.554,-87.946
6.010,84.956,54.437,-87.989
6.012,84.953,50.413,-87.859
6.016,84.977,70.942,-88.029
6.018,84.970,54.331,-88.112
6.019,84.953,75.151,-88.149
6.004,84.903,70.692,-88.284
5.994,84.867,52.812,-87.962
6.003,84.868,63.285,-88.056
6.011,84.846,47.296,-87.907
6.002,84.780,68.175,-88.256
5.996,84.730,58.889,-88.487
5.984,84.716,51.688,-88.353
5.984,84.732,39.743,-87.799
5.985,84.752,52.732,-87.940
6.001,84.773,60.767,-88.581
6.004,84.768,42.404,-87.903
6.004,84.735,59.002,-87.837
5.999,84.693,58.084,-88.212
6.001,84.677,49.119,-88.080
6.007,84.686,50.725,-87.861
5.999,84.678,44.160,-87.818
5.988,84.666,50.863,-87.808
5.985,84.654,44.267,-87.510
5.979,84.642,53.351,-88.249
5.969,84.628,52.060,-88.270
5.972,84.655,47.610,-88.127
5.982,84.690,48.458,-88.237
5.981,84.680,50.868,-87.500
5.972,84.643,40.862,-87.929
5.973,84.620,52.195,-88.404
5.966,84.610,44.004,-88.156
5.965,84.601,49.945,-87.909
5.974,84.632,54.836,-88.249
5.979,84.660,61.599,-87.951
5.975,84.659,53.333,-88.104
5.973,84.669,46.172,-87.914
5.977,84.659,50.921,-87.849
5.971,84.657,65.767,-88.144
5.965,84.656,54.306,-87.755
5.967,84.648,35.606,-87.781
5.972,84.676,64.420,-88.346
5.981,84.725,46.361,-87.773
5.993,84.760,49.748,-88.317
5.989,84.747,60.685,-88.066
5.978,84.728,62.879,-88.093
5.969,84.702,47.608,-87.644
5.945,84.684,55.664,-87.879
5.922,84.674,40.775,-87.965
5.922,84.696,47.942,-87.501
5.927,84.717,59.687,-88.053
5.926,84.711,65.686,-88.082
5.925,84.702,42.854,-87.714
5.914,84.682,61.714,-88.027
5.904,84.681,45.301,-87.971
5.902,84.724,57.797,-88.014
5.919,84.808,45.289,-87.909
5.940,84.857,59.988,-87.886
5.935,84.826,60.074,-88.079
5.916,84.768,53.876,-87.853
5.916,84.754,42.980,-87.891
5.923,84.795,45.491,-87.513
5.930,84.819,59.849,-88.089
5.935,84.821,66.318,-88.353
5.921,84.796,60.778,-88.000
5.907,84.773,61.653,-88.105
5.912,84.779,49.270,-87.990
5.927,84.798,66.286,-87.803
5.940,84.789,60.184,-88.148
5.940,84.772,61.587,-88.170
5.934,84.758,47.682,-87.713
5.931,84.733,58.370,-88.115
5.938,84.739,66.748,-87.874
5.949,84.755,67.736,-88.189
5.956,84.762,50.801,-88.320
5.947,84.739,60.637,-87.827
5.943,84.722,52.379,-87.763
5.953,84.732,50.208,-88.008
5.968,84.765,56.479,-88.234
5.965,84.742,56.066,-88.277
5.950,84.696,60.192,-87.872
5.944,84.676,45.703,-87.400
5.948,84.703,51.598,-87.772
5.954,84.740,59.281,-87.891
5.969,84.801,47.403,-87.723
5.983,84.821,60.188,-88.015
5.974,84.780,62.569,-87.886
5.962,84.732,46.869,-87.729
5.970,84.733,55.330,-87.856
5.972,84.755,54.768,-87.863
5.968,84.749,55.068,-87.922
5.967,84.742,54.079,-87.786
5.969,84.724,65.838,-88.349
5.956,84.685,78.307,-88.222
5.954,84.685,68.352,-88.182
5.966,84.713,64.157,-87.706
5.976,84.722,59.395,-87.732
5.970,84.718,43.937,-87.707
5.968,84.703,47.663,-87.487
5.974,84.718,53.684,-87.755
5.977,84.728,60.422,-88.237
5.978,84.720,71.247,-87.867
5.976,84.721,60.675,-87.510
5.977,84.712,67.774,-88.023
5.979,84.716,67.404,-87.930
5.985,84.739,53.234,-87.914
5.979,84.744,44.442,-87.816
5.972,84.727,49.846,-87.853
5.968,84.712,50.322,-88.044
5.976,84.722,53.933,-88.012
5.979,84.723,49.550,-87.992
5.970,84.723,56.007,-87.812
5.979,84.748,65.036,-87.999
5.991,84.782,65.472,-87.886
5.992,84.763,64.210,-88.382
5.975,84.718,47.793,-88.041
5.971,84.707,54.431,-88.375
5.981,84.748,40.805,-87.806
5.988,84.797,58.104,-87.699
5.983,84.793,56.761,-88.284
5.972,84.768,53.362,-87.589
5.963,84.744,56.914,-87.503
5.961,84.721,47.813,-87.835
5.963,84.719,52.065,-88.087
5.966,84.748,66.684,-88.077
5.976,84.764,55.921,-87.693
5.967,84.753,56.545,-87.706
5.965,84.738,47.187,-87.772
5.966,84.738,53.813,-87.918
5.967,84.750,49.958,-87.768
5.957,84.760,44.206,-87.696
5.955,84.784,71.498,-87.973
5.957,84.793,61.609,-87.729
5.953,84.791,68.962,-87.757
5.957,84.784,50.618,-88.377
5.954,84.763,67.051,-87.727
5.946,84.725,66.472,-87.927
5.939,84.704,67.341,-87.898
5.944,84.714,50.257,-87.787
5.951,84.736,66.275,-88.061
5.950,84.733,42.461,-87.581
5.945,84.729,58.551,-87.390
5.953,84.744,55.441,-87.604
5.953,84.743,60.192,-87.894
5.953,84.704,58.072,-87.922
5.946,84.677,48.049,-87.770
5.943,84.682,52.759,-87.796
5.945,84.688,57.624,-87.214
5.949,84.704,59.281,-87.888
5.950,84.717,45.307,-88.019
5.942,84.693,61.946,-87.984
5.940,84.684,54.037,-87.297
5.946,84.695,54.048,-87.711
5.941,84.710,56.592,-88.096
5.938,84.716,50.579,-87.922
5.930,84.696,63.478,-87.742
5.927,84.673,63.846,-87.885
5.928,84.687,48.787,-87.755
5.929,84.692,45.000,-87.822
5.926,84.694,50.068,-87.577
5.923,84.690,69.456,-87.870
5.919,84.666,67.982,-87.600
5.914,84.660,56.423,-87.361
5.916,84.679,66.477,-87.541
5.919,84.692,70.327,-87.685
5.915,84.709,58.649,-87.514
5.911,84.705,57.318,-87.799
5.906,84.679,37.479,-87.813
5.899,84.656,62.733,-87.938
5.900,84.630,57.346,-88.552
5.906,84.638,63.131,-87.786
5.913,84.662,45.212,-87.082
5.921,84.691,49.160,-87.328
5.922,84.691,65.417,-88.196
5.914,84.640,62.948,-87.836
5.901,84.594,56.423,-87.337
5.907,84.601,57.740,-88.121
5.910,84.612,53.501,-88.504
5.909,84.625,63.625,-87.439
5.911,84.638,58.904,-88.317
5.905,84.621,41.447,-87.607
5.893,84.578,66.993,-87.019
5.897,84.575,65.410,-87.793
5.900,84.597,50.062,-87.724
5.907,84.615,69.320,-87.732
5.913,84.606,78.284,-87.514
5.907,84.581,38.348,-88.179
5.909,84.570,48.170,-88.292
5.919,84.578,60.165,-87.319
5.917,84.573,61.653,-88.103
5.915,84.557,48.477,-87.913
5.913,84.558,52.989,-87.864
5.920,84.581,52.296,-87.588
5.924,84.588,55.400,-87.706
5.920,84.577,39.365,-87.197
5.912,84.570,55.446,-87.291
5.909,84.576,52.853,-87.654
5.909,84.573,36.715,-87.491
5.909,84.585,50.902,-87.618
5.914,84.595,53.838,-87.990
5.915,84.595,44.458,-87.753
5.916,84.599,55.964,-88.089
5.909,84.600,51.100,-87.876
5.904,84.593,35.958,-87.500
5.905,84.597,45.234,-87.407
5.906,84.580,44.330,-87.281
5.899,84.542,54.543,-88.151
5.889,84.504,54.487,-87.931
5.887,84.492,51.100,-87.877
5.897,84.499,50.024,-87.565
5.899,84.496,56.100,-88.024
5.893,84.486,55.099,-87.869
5.888,84.479,52.281,-87.819
5.882,84.460,46.348,-87.737
5.867,84.465,60.870,-87.780
5.853,84.468,59.070,-87.801
5.852,84.470,54.065,-88.104
5.851,84.456,59.988,-87.892
5.856,84.455,61.609,-87.726
5.858,84.444,54.070,-87.586
5.850,84.436,45.267,-87.700
5.849,84.458,46.387,-87.795
5.860,84.492,51.120,-87.705
5.870,84.514,56.087,-88.118
5.877,84.495,50.374,-87.404
5.890,84.494,43.956,-87.655
5.906,84.480,50.819,-87.496
5.911,84.448,48.285,-87.562
5.916,84.452,45.517,-87.634
5.916,84.475,48.349,-86.883
5.919,84.496,46.054,-87.660
5.920,84.533,44.747,-87.597
5.935,84.601,58.761,-88.112
5.956,84.692,50.490,-87.654
5.965,84.697,55.434,-87.878
5.971,84.662,60.680,-87.789
5.976,84.654,51.544,-87.860
5.979,84.665,60.299,-88.179
5.975,84.671,53.149,-87.671
5.976,84.703,56.670,-87.830
5.986,84.762,53.418,-87.452
5.992,84.830,58.170,-87.529
5.997,84.863,53.767,-87.771
5.998,84.868,66.377,-88.136
5.992,84.853,61.452,-87.525
5.989,84.844,65.218,-87.780
6.001,84.871,76.818,-88.089
6.016,84.903,55.130,-87.815
6.014,84.898,63.304,-87.811
6.007,84.875,59.117,-87.230
6.013,84.882,59.069,-87.731
6.023,84.914,58.423,-87.709
6.035,84.959,67.691,-88.348
6.033,84.960,72.975,-88.148
6.022,84.936,59.222,-88.003
6.010,84.923,63.965,-88.353
6.003,84.939,58.829,-87.523
5.987,84.950,45.866,-87.901
5.959,84.926,52.653,-87.913
5.947,84.899,73.055,-87.892
5.955,84.930,48.405,-87.672
5.969,84.977,79.010,-87.901
5.970,84.988,56.474,-88.182
5.965,84.966,62.907,-87.979
5.966,84.959,60.095,-87.833
5.970,84.955,66.087,-87.781
5.969,84.967,57.671,-87.677
5.966,84.988,54.787,-87.687
5.963,84.993,60.905,-87.905
5.945,84.936,77.299,-87.702
5.910,84.858,53.965,-87.888
5.884,84.803,67.909,-87.652
5.890,84.835,53.213,-87.401
5.898,84.893,54.437,-87.982
5.903,84.907,57.223,-87.836
5.902,84.892,69.757,-87.652
5.891,84.853,52.174,-87.712
5.889,84.843,53.221,-87.611
5.912,84.911,75.031,-88.144
5.939,84.986,53.067,-87.952
5.960,85.014,54.167,-87.800
5.971,85.008,65.732,-87.786
5.970,84.998,65.269,-87.646
5.972,85.005,63.089,-88.049
5.986,85.031,62.168,-87.965
5.995,85.023,66.243,-87.752
5.981,84.997,55.551,-87.546
5.974,84.969,62.613,-88.253
5.973,84.964,52.903,-87.902
5.970,84.937,66.048,-87.923
5.972,84.910,36.443,-88.280
5.973,84.895,78.174,-88.022
5.975,84.885,72.876,-87.803
5.964,84.863,48.427,-87.331
5.959,84.857,59.263,-87.041
5.967,84.863,67.562,-87.196
5.983,84.877,62.696,-88.576
5.979,84.839,54.565,-87.559
5.961,84.770,67.144,-87.676
5.965,84.735,66.325,-88.101
5.994,84.747,71.849,-87.591
6.001,84.711,73.546,-87.725
5.993,84.660,67.863,-87.979
5.989,84.670,47.971,-87.320
5.992,84.713,40.554,-87.534
5.991,84.734,54.788,-87.986
5.969,84.702,76.486,-87.693
5.954,84.652,47.856,-87.652
5.958,84.646,49.620,-87.362
5.972,84.665,58.147,-87.761
5.982,84.684,65.601,-87.629
5.974,84.670,62.486,-87.666
5.960,84.649,64.064,-87.407
5.958,84.671,59.621,-87.586
5.963,84.713,53.078,-87.509
5.966,84.716,64.424,-87.952
5.963,84.718,62.040,-87.850
5.964,84.713,59.600,-87.502
5.968,84.718,57.790,-87.189
5.959,84.694,54.346,-87.862
5.941,84.682,49.695,-87.346
5.938,84.689,59.895,-87.859
5.951,84.711,58.078,-88.069
5.960,84.702,58.566,-87.633
5.952,84.674,49.138,-87.962
5.948,84.650,49.547,-87.279
5.951,84.625,51.879,-87.702
5.957,84.611,61.798,-87.926
5.956,84.612,52.771,-87.725
5.960,84.629,43.675,-87.239
5.958,84.637,50.248,-87.428
5.950,84.623,55.762,-87.496
5.937,84.612,58.640,-87.175
5.948,84.647,62.698,-87.537
5.959,84.674,55.954,-87.471
5.954,84.664,50.068,-87.605
5.940,84.668,52.862,-87.558
5.946,84.685,57.270,-87.428
5.949,84.713,72.904,-87.701
5.955,84.749,58.752,-87.092
5.960,84.780,69.873,-87.840
5.948,84.744,58.181,-87.653
5.918,84.661,56.972,-87.746
5.894,84.621,62.573,-87.421
5.893,84.622,60.454,-87.435
5.890,84.630,60.773,-87.571
5.881,84.601,58.947,-87.518
5.865,84.571,48.200,-87.548
5.844,84.554,54.205,-87.089
5.834,84.565,50.539,-87.358
5.837,84.596,47.759,-87.783
5.837,84.610,56.234,-87.654
5.827,84.576,52.464,-87.240
5.807,84.506,49.593,-87.463
5.798,84.456,41.080,-87.524
5.789,84.405,49.043,-87.459
5.769,84.375,54.218,-87.740
5.755,84.347,48.677,-87.187
5.743,84.316,50.284,-87.193
5.729,84.287,44.771,-87.332
5.740,84.294,51.181,-86.828
5.770,84.338,48.789,-87.590
5.772,84.328,59.830,-87.654
5.754,84.270,53.818,-87.428
5.737,84.238,52.321,-87.493
5.735,84.260,41.837,-86.904
5.736,84.305,43.789,-87.484
5.740,84.333,43.675,-87.269
5.748,84.324,46.825,-86.993
5.743,84.295,50.836,-86.839
5.730,84.250,46.275,-87.125
5.720,84.242,52.220,-87.199
5.724,84.281,57.694,-87.191
5.736,84.321,47.109,-87.118
5.731,84.306,50.932,-87.128
5.719,84.268,57.529,-87.599
5.712,84.215,46.616,-86.979
5.714,84.178,48.938,-87.216
5.707,84.170,43.529,-87.123
5.700,84.169,46.317,-86.758
5.700,84.164,50.537,-87.013
5.696,84.169,46.962,-87.515
5.692,84.176,44.267,-87.498
5.688,84.174,46.412,-87.398
5.683,84.154,39.322,-87.183
5.683,84.147,52.892,-87.292
5.673,84.128,50.288,-87.339
5.660,84.124,44.250,-86.733
5.663,84.132,47.619,-87.437
5.668,84.172,44.572,-87.135
5.675,84.237,52.760,-87.325
5.691,84.319,44.203,-86.933
5.709,84.397,51.355,-87.704
5.717,84.438,58.309,-87.440
5.705,84.397,38.124,-87.425
5.688,84.334,52.251,-87.312
5.687,84.324,54.842,-87.749
5.687,84.306,46.962,-87.522
5.656,84.234,43.373,-87.353
5.623,84.161,53.434,-87.020
5.580,84.072,54.234,-87.137
5.545,84.004,41.583,-86.779
5.525,83.987,60.567,-87.349
5.526,84.047,41.484,-86.531
5.532,84.122,47.511,-86.843
5.539,84.154,49.908,-87.008
5.539,84.142,55.055,-87.388
5.537,84.119,54.037,-87.296
5.544,84.138,48.711,-87.021
5.559,84.178,49.264,-86.690
5.554,84.181,64.784,-87.643
5.527,84.121,47.552,-88.088
5.480,84.034,40.860,-87.195
5.438,83.964,47.230,-86.989
5.399,83.914,47.278,-87.066
5.397,83.907,47.149,-86.318
5.404,83.911,48.281,-86.831
5.400,83.875,51.201,-87.297
5.369,83.815,43.550,-87.054
5.362,83.785,42.353,-86.517
5.369,83.810,42.097,-86.625
5.377,83.872,47.184,-86.921
5.396,83.926,47.569,-87.150
5.408,83.960,44.130,-87.196
5.399,83.935,49.533,-87.021
5.393,83.894,35.823,-86.677
5.395,83.904,50.549,-86.786
5.408,83.961,47.109,-87.107
5.418,83.991,47.942,-87.507
5.408,83.994,39.690,-86.897
5.379,83.990,45.759,-87.601
5.362,84.037,51.020,-87.162
5.372,84.095,58.792,-87.283
5.379,84.142,45.000,-87.129
5.359,84.112,44.773,-87.289
5.332,84.040,42.461,-87.586
5.317,83.995,43.770,-87.038
5.314,84.002,50.653,-86.339
5.321,84.044,45.000,-86.924
5.331,84.100,46.100,-87.236
5.349,84.128,46.766,-87.215
5.342,84.107,49.030,-87.271
5.326,84.065,50.745,-87.330
5.319,84.068,53.418,-87.446
5.338,84.137,41.866,-86.687
5.365,84.182,46.423,-87.426
5.377,84.179,50.080,-87.359
5.367,84.128,46.906,-87.102
5.345,84.052,39.513,-86.889
5.325,84.008,48.142,-86.875
5.324,84.022,44.208,-86.910
5.335,84.055,50.315,-87.004
5.345,84.075,45.210,-87.075
5.343,84.029,47.312,-87.089
5.318,83.944,46.979,-87.243
5.305,83.909,50.682,-86.782
5.324,83.932,45.222,-87.237
5.347,83.983,41.289,-87.034
5.352,83.992,48.521,-87.571
5.347,83.973,44.749,-87.558
5.343,83.956,37.594,-87.435
5.345,83.958,43.500,-86.762
5.338,83.956,46.713,-87.134
5.340,83.970,46.204,-86.953
5.345,83.969,46.892,-87.085
5.340,83.919,52.030,-87.251
5.329,83.870,45.000,-87.272
5.327,83.856,45.993,-86.927
5.335,83.895,44.596,-86.983
5.339,83.898,45.203,-86.984
5.330,83.887,34.505,-86.841
5.326,83.860,45.000,-87.331
5.321,83.836,46.430,-87.014
5.311,83.837,41.602,-87.108
5.313,83.841,46.727,-86.819
5.321,83.872,43.979,-87.030
5.322,83.869,56.006,-87.030
5.319,83.847,53.085,-87.102
5.322,83.853,40.053,-86.524
5.327,83.875,46.409,-86.953
5.329,83.888,43.539,-87.097
5.334,83.897,49.547,-87.313
5.342,83.893,61.247,-87.217
5.335,83.853,49.838,-87.595
5.314,83.787,41.418,-86.585
5.321,83.761,38.566,-86.753
5.342,83.826,46.837,-87.338
5.357,83.911,37.810,-87.091
5.361,83.962,48.018,-87.165
5.370,84.008,37.888,-86.987
5.380,84.033,51.798,-87.567
5.390,84.036,51.459,-87.445
5.390,84.059,49.755,-87.034
5.399,84.086,44.777,-87.262
5.402,84.075,39.230,-87.463
5.406,84.066,49.437,-86.976
5.412,84.049,43.395,-86.967
5.405,84.027,53.968,-86.847
5.389,83.989,50.745,-87.350
5.382,83.962,48.960,-87.052
5.385,83.963,46.044,-87.058
5.391,83.982,46.726,-87.166
5.384,83.991,55.613,-87.338
5.386,84.019,49.244,-87.089
5.399,84.039,40.483,-87.433
5.404,84.054,47.458,-87.003
5.399,84.080,47.888,-87.021
5.398,84.083,37.672,-86.818
5.398,84.088,50.310,-86.899
5.393,84.086,46.979,-87.213
5.385,84.054,42.123,-86.817
5.372,84.016,48.270,-87.185
5.372,84.008,38.064,-87.008
5.375,83.980,48.400,-87.304
5.353,83.926,38.062,-86.550
5.312,83.875,43.273,-86.828
5.292,83.871,39.797,-86.726
5.331,83.823,44.033,-86.226
5.330,83.808,47.901,-87.241
5.326,83.791,39.864,-86.687
5.328,83.799,45.617,-87.018
5.330,83.811,49.574,-87.178
5.330,83.823,33.039,-86.972
5.333,83.854,47.476,-87.040
5.339,83.849,44.424,-86.804
5.343,83.806,45.396,-86.910
5.333,83.789,37.141,-86.326
5.329,83.795,39.694,-86.775
5.336,83.803,38.781,-86.938
5.334,83.795,42.859,-87.145
5.326,83.785,42.675,-86.860
5.325,83.755,43.428,-86.902
5.323,83.747,44.610,-86.868
5.327,83.777,39.828,-86.332
5.338,83.840,42.636,-87.150
5.346,83.885,41.292,-86.375
5.349,83.884,42.450,-87.146
5.340,83.861,52.113,-86.782
5.337,83.861,43.675,-87.233
5.351,83.916,41.532,-87.007
5.371,83.956,46.837,-87.333
5.379,83.965,41.350,-87.171
5.365,83.928,44.762,-87.455
5.353,83.867,39.110,-86.778
5.349,83.844,52.711,-87.219
5.352,83.842,40.378,-86.976
5.347,83.836,40.104,-86.771
5.338,83.809,40.228,-86.906
5.316,83.778,41.543,-86.648
5.310,83.766,32.151,-86.674
5.322,83.776,42.249,-87.093
5.343,83.808,46.239,-87.053
5.337,83.788,42.890,-86.800
5.334,83.750,47.424,-86.965
5.336,83.730,38.731,-86.670
5.342,83.727,40.479,-86.753
5.349,83.735,52.665,-87.107
5.351,83.765,34.046,-86.819
5.352,83.781,38.909,-86.872
5.345,83.786,38.649,-86.933
5.342,83.766,42.984,-86.678
5.344,83.689,37.951,-86.525
5.327,83.632,45.000,-86.662
5.300,83.633,40.149,-86.207
5.288,83.644,44.620,-86.783
5.298,83.674,48.105,-87.048
5.314,83.707,38.475,-86.903
5.331,83.748,47.310,-86.832
5.339,83.787,49.506,-87.150
5.331,83.791,42.053,-87.296
5.328,83.785,34.997,-86.733
5.337,83.806,43.175,-86.982
5.356,83.837,41.121,-87.169
5.363,83.856,32.428,-86.904
5.371,83.882,39.752,-87.448
5.374,83.896,40.657,-87.035
5.373,83.905,43.892,-87.248
5.378,83.911,36.178,-86.940
5.388,83.935,38.881,-87.087
5.385,83.934,43.599,-87.799
5.380,83.922,44.758,-87.479
5.387,83.933,40.659,-87.189
5.391,83.942,46.838,-87.018
5.423,83.974,42.021,-86.705
5.497,84.031,54.786,-87.363
5.544,84.081,52.024,-87.393
5.558,84.137,55.583,-87.441
5.562,84.194,36.855,-87.155
5.577,84.245,43.906,-87.770
5.596,84.254,42.506,-87.305
5.591,84.226,48.511,-87.382
5.583,84.190,56.232,-87.682
5.580,84.182,44.778,-87.255
5.594,84.172,41.301,-87.371
5.596,84.150,36.511,-87.461
5.597,84.123,44.156,-87.113
5.600,84.063,39.197,-87.045
5.583,83.999,39.634,-87.269
5.570,83.977,46.050,-86.488
5.585,84.009,49.437,-86.978
5.589,84.030,45.957,-87.445
5.590,84.027,42.942,-87.346
5.587,84.026,33.999,-87.093
5.584,84.030,41.046,-87.513
5.581,84.043,33.352,-86.987
5.590,84.101,42.026,-87.102
5.603,84.136,39.547,-87.766
5.599,84.124,46.667,-87.418
5.586,84.102,37.194,-86.945
5.575,84.139,42.076,-87.292
5.587,84.193,42.997,-86.664
5.594,84.209,43.319,-87.442
5.588,84.196,43.094,-87.109
5.587,84.188,45.000,-86.898
5.587,84.205,45.422,-87.114
5.599,84.223,52.822,-87.333
5.610,84.269,53.524,-87.696
5.616,84.299,58.376,-87.436
5.606,84.289,35.292,-87.331
5.605,84.265,55.032,-87.790
5.606,84.244,39.359,-86.940
5.604,84.217,45.246,-87.525
5.602,84.188,47.494,-87.293
5.594,84.140,39.837,-87.411
5.589,84.096,42.506,-87.297
5.594,84.041,36.855,-87.080
5.596,84.029,37.239,-86.820
5.587,84.029,45.495,-87.520
5.589,84.038,52.844,-87.736
5.581,84.049,47.241,-87.302
5.583,84.069,55.628,-87.623
5.588,84.091,42.311,-87.267
5.587,84.111,43.665,-87.249
5.583,84.132,43.420,-87.693
5.572,84.147,35.323,-86.967
5.572,84.161,43.734,-87.100
5.584,84.209,39.171,-87.160
5.595,84.250,48.462,-86.821
5.592,84.257,43.838,-87.351
5.585,84.261,47.772,-87.142
5.595,84.276,49.921,-87.249
5.606,84.292,60.328,-87.426
5.607,84.313,45.209,-87.072
5.620,84.331,47.576,-87.379
5.629,84.339,59.807,-87.796
5.639,84.341,59.169,-87.218
5.649,84.353,52.749,-87.407
5.662,84.394,48.400,-87.309
5.688,84.456,52.075,-87.746
5.726,84.523,45.522,-87.656
5.747,84.572,55.767,-88.348
5.739,84.546,50.100,-87.959
5.728,84.477,48.049,-87.791
5.717,84.437,44.001,-87.556
5.720,84.405,44.183,-87.774
5.715,84.378,52.281,-87.818
5.708,84.329,40.957,-87.444
5.711,84.247,51.681,-87.523
5.710,84.152,51.406,-87.407
5.704,84.087,45.242,-87.459
5.701,84.062,45.270,-87.726
5.704,84.093,37.278,-87.109
5.724,84.140,39.365,-87.176
5.735,84.183,51.177,-87.717
5.733,84.201,44.509,-87.504
5.731,84.213,44.183,-87.756
5.740,84.249,43.495,-87.155
5.749,84.289,40.146,-87.484
5.756,84.314,51.956,-87.530
5.763,84.320,48.752,-87.709
5.758,84.318,57.169,-87.969
5.747,84.322,45.766,-87.616
5.740,84.319,39.150,-87.607
5.740,84.321,52.812,-87.966
5.738,84.334,42.909,-87.380
5.737,84.344,41.350,-87.137
5.742,84.381,46.822,-87.292
5.754,84.437,42.404,-87.889
5.757,84.469,51.941,-88.142
5.755,84.462,49.775,-87.699
5.762,84.474,32.234,-87.493
5.766,84.510,57.740,-88.114
5.762,84.524,34.191,-87.727
5.755,84.524,49.286,-87.691
5.749,84.529,41.363,-87.807
5.741,84.519,48.662,-88.000
5.746,84.518,39.492,-87.448
5.744,84.519,53.480,-87.907
5.744,84.514,46.740,-87.906
5.740,84.479,59.078,-88.255
5.735,84.439,43.071,-87.449
5.728,84.434,50.476,-87.532
5.734,84.451,41.363,-87.814
5.748,84.477,52.670,-87.845
5.746,84.481,41.564,-87.684
5.737,84.465,46.387,-87.798
5.728,84.456,40.415,-87.868
5.724,84.478,53.073,-87.711
5.724,84.490,65.920,-87.944
5.729,84.492,35.021,-86.961
5.720,84.468,42.009,-87.753
5.723,84.433,58.707,-87.979
5.725,84.420,50.807,-87.778
5.729,84.411,48.018,-87.157
5.739,84.410,49.695,-87.386
5.741,84.410,42.563,-87.244
5.733,84.410,45.999,-87.545
5.724,84.406,47.754,-87.356
5.734,84.418,57.842,-87.475
5.740,84.426,42.170,-87.623
5.733,84.430,46.627,-87.375
5.724,84.418,43.527,-87.941
5.720,84.425,51.668,-87.442
5.719,84.438,43.071,-87.463
5.713,84.442,41.262,-87.077
5.706,84.442,47.917,-87.495
5.698,84.445,50.260,-87.902
5.691,84.445,65.393,-87.583
5.695,84.439,47.391,-87.437
5.696,84.443,45.542,-87.759
5.696,84.449,59.723,-87.717
5.698,84.451,47.585,-87.629
5.702,84.455,42.608,-87.954
5.700,84.457,49.055,-87.900
5.695,84.451,48.079,-87.808
5.692,84.447,53.561,-87.503
5.694,84.442,32.053,-87.607
5.698,84.443,53.056,-88.248
5.697,84.440,47.830,-87.634
5.694,84.428,45.289,-87.887
5.692,84.415,48.936,-87.829
5.686,84.406,45.482,-87.477
5.682,84.427,45.941,-87.396
5.667,84.455,44.340,-87.228
5.666,84.498,60.015,-87.648
5.675,84.558,55.612,-87.695
5.700,84.611,56.670,-87.836
5.697,84.610,44.125,-87.917
5.693,84.566,60.575,-87.748
5.688,84.536,52.075,-87.752
5.688,84.534,46.447,-87.470
5.687,84.546,41.690,-87.782
5.688,84.564,45.857,-87.854
5.693,84.587,62.362,-87.578
5.693,84.590,52.643,-88.323
5.690,84.584,41.888,-87.240
5.683,84.604,55.186,-87.705
5.677,84.627,36.700,-87.728
5.673,84.657,53.604,-87.719
5.677,84.672,47.813,-87.837
5.677,84.689,53.928,-88.211
5.673,84.709,48.412,-88.036
5.673,84.721,63.117,-87.877
5.673,84.730,42.064,-87.712
5.667,84.740,60.585,-88.139
5.662,84.744,47.622,-87.902
5.660,84.745,53.838,-87.989
5.657,84.750,47.539,-87.594
5.659,84.761,40.592,-87.509
5.659,84.761,43.148,-87.686
5.649,84.753,46.566,-87.653
5.644,84.736,61.366,-87.808
5.641,84.736,51.100,-87.893
5.648,84.756,53.727,-87.622
5.648,84.776,53.319,-87.940
5.646,84.783,65.159,-87.935
5.652,84.793,55.680,-87.830
5.653,84.791,60.029,-87.991
5.647,84.771,59.214,-87.924
5.647,84.765,51.286,-88.156
5.654,84.775,57.297,-87.987
5.653,84.780,55.612,-87.695
5.651,84.772,48.526,-88.086
5.648,84.760,50.613,-87.819
5.642,84.753,56.722,-88.105
5.646,84.758,68.525,-88.173
5.652,84.779,59.362,-88.404
5.645,84.782,71.910,-88.018
5.628,84.764,60.394,-87.864
5.630,84.769,46.016,-87.573
5.640,84.780,71.493,-88.124
5.645,84.800,58.400,-88.023
5.639,84.802,61.868,-88.096
5.636,84.797,52.449,-87.775
5.631,84.799,51.297,-87.668
5.632,84.814,48.412,-88.037
5.637,84.822,76.796,-88.308
5.633,84.817,52.911,-87.837
5.635,84.812,75.683,-87.594
5.639,84.807,54.488,-88.060
5.638,84.794,59.931,-87.598
5.633,84.785,55.256,-87.794
5.635,84.789,43.245,-87.569
5.637,84.796,60.029,-87.990
5.644,84.793,53.355,-87.515
5.645,84.800,51.896,-87.530
5.647,84.810,65.009,-87.972
5.643,84.816,54.439,-87.865
5.645,84.806,66.745,-87.990
5.644,84.803,57.105,-87.814
5.640,84.795,58.932,-87.871
5.636,84.777,61.364,-87.999
5.639,84.773,55.911,-87.742
5.633,84.770,71.398,-87.559
5.622,84.729,60.544,-87.496
5.611,84.710,53.326,-88.004
5.608,84.720,59.508,-87.968
5.608,84.715,60.763,-88.168
5.612,84.713,56.928,-87.557
5.619,84.702,48.374,-87.474
5.624,84.713,55.099,-87.874
5.624,84.716,64.007,-87.822
5.619,84.715,49.303,-87.294
5.619,84.703,47.732,-87.549
5.616,84.692,49.574,-87.718
5.615,84.684,60.103,-87.727
5.618,84.685,66.048,-87.890
5.614,84.683,50.698,-87.525
5.601,84.676,63.283,-88.103
5.593,84.671,59.005,-87.663
5.588,84.659,52.447,-87.539
5.600,84.680,55.672,-88.214
5.607,84.709,57.179,-87.728
5.605,84.714,54.828,-87.935
5.607,84.709,53.362,-87.583
5.607,84.708,52.195,-87.274
5.604,84.697,61.735,-87.571
5.595,84.679,60.517,-87.649
5.593,84.655,48.186,-87.301
5.596,84.651,53.746,-87.962
5.600,84.651,56.419,-87.264
5.593,84.637,61.058,-87.770
5.587,84.631,75.563,-87.791
5.579,84.624,53.075,-87.652
5.583,84.625,57.420,-87.574
5.592,84.647,62.028,-87.581
5.597,84.662,58.551,-87.387
5.590,84.654,58.688,-87.665
5.578,84.638,46.348,-87.731
5.578,84.635,53.300,-87.722
5.584,84.663,52.205,-87.612
5.585,84.673,73.362,-87.663
5.574,84.660,61.470,-88.082
5.562,84.637,64.594,-87.600
5.559,84.613,61.803,-87.449
5.568,84.617,56.158,-87.238
5.568,84.621,49.255,-87.559
5.566,84.618,59.188,-87.551
5.562,84.614,58.398,-87.580
5.565,84.610,54.519,-87.354
5.566,84.620,59.895,-87.839
5.568,84.618,70.769,-87.772
5.570,84.630,49.444,-87.382
5.568,84.630,56.973,-87.384
5.564,84.632,62.513,-87.578
5.564,84.628,56.230,-87.757
5.559,84.637,57.329,-87.367
5.557,84.639,60.161,-87.425
5.549,84.617,57.200,-87.794
5.545,84.596,53.029,-87.008
5.543,84.599,55.161,-87.346
5.544,84.603,43.550,-87.054
5.536,84.599,55.496,-87.422
5.530,84.599,65.880,-87.905
5.521,84.584,47.710,-87.312
5.526,84.589,55.410,-87.408
5.528,84.597,56.151,-87.360
5.527,84.606,65.159,-87.929
5.520,84.595,71.774,-88.041
5.511,84.569,50.955,-87.638
5.518,84.569,55.052,-87.174
5.522,84.575,51.999,-87.910
5.519,84.560,55.030,-87.614
5.516,84.522,53.861,-87.584
5.511,84.489,58.475,-87.743
5.503,84.443,49.472,-87.120
5.499,84.437,50.650,-87.522
5.499,84.465,49.979,-87.073
5.489,84.469,60.027,-87.539
5.471,84.460,45.000,-87.309
5.472,84.464,45.918,-87.341
5.480,84.489,59.312,-87.577
5.473,84.490,57.146,-87.930
5.453,84.459,55.418,-87.110
5.443,84.459,47.512,-87.078
5.447,84.487,57.529,-87.401
5.450,84.502,62.823,-87.587
5.457,84.500,58.747,-88.182
5.473,84.518,52.995,-86.588
5.452,84.486,67.974,-87.670
5.459,84.477,58.396,-86.440
5.466,84.479,45.416,-87.036
5.471,84.510,53.505,-87.136
5.473,84.516,49.706,-87.785
5.458,84.469,50.916,-86.896
5.442,84.430,52.749,-87.385
5.461,84.424,63.262,-86.059
5.453,84.413,50.315,-87.946
5.477,84.418,62.118,-87.118
5.468,84.361,79.367,-86.983
5.434,84.326,32.892,-88.432
5.404,84.281,42.921,-87.082
5.370,84.233,51.353,-87.306
5.320,84.200,49.109,-87.159
5.343,84.244,50.524,-87.568
5.383,84.314,50.430,-87.087
5.416,84.360,54.346,-87.839
5.435,84.325,64.505,-87.411
5.418,84.164,55.880,-87.912
5.401,83.982,49.644,-87.255
5.425,83.549,52.328,-86.838
5.528,82.777,41.408,-86.557
5.826,80.904,40.174,-85.107
6.228,78.182,23.535,-84.834
6.686,74.404,13.000,-84.521
7.081,69.583,1.538,-78.660
7.056,63.608,33.243,-66.032
6.685,57.384,3.201,-61.129
5.005,51.658,1.143,-32.844
9.511,45.434,95.498,31.427
3.352,48.963,151.679,-69.026
5.207,54.994,-45.803,23.562
5.377,51.452,-125.224,49.749
5.240,51.475,-11.432,4.698
5.054,52.291,-8.034,7.465
4.926,52.685,-6.168,12.900
4.996,52.395,-1.091,8.622
5.020,52.362,-0.509,11.281
5.014,52.408,-0.585,11.762
5.034,52.342,0.119,12.893
5.035,52.270,-0.070,14.833
5.040,52.224,-0.233,12.688
5.041,52.257,-0.592,12.860
5.040,52.282,0.134,13.585
5.042,52.273,-0.658,12.453
5.042,52.274,-0.291,12.759
5.036,52.257,-0.510,13.076
5.036,52.231,-0.452,13.829
5.033,52.238,0.231,13.757
5.035,52.222,-0.118,13.800
5.030,52.273,-0.336,13.481
5.030,52.269,-0.526,13.891
5.028,52.265,-0.243,13.804
5.035,52.268,-0.240,13.241
5.016,52.274,1.568,4.137
4.970,52.243,1.224,11.893
4.975,52.229,-0.988,11.387
4.947,52.330,-0.380,15.363
4.945,52.423,0.044,12.455
4.962,52.442,1.456,13.715
4.949,52.447,1.726,13.166
4.912,52.471,-0.479,12.861
4.827,52.662,-1.864,10.905
4.823,52.711,0.576,11.404
4.770,52.897,0.139,12.472
4.625,53.364,-2.814,12.733
4.547,53.655,0.424,11.332
4.554,53.874,-3.070,14.886
4.682,53.909,-0.885,12.399
4.808,53.946,0.943,10.660
4.913,53.999,1.763,12.122
4.974,54.013,0.308,10.132
5.027,54.008,2.384,9.595
5.086,54.040,3.324,11.107
5.093,54.024,0.074,11.591
5.152,54.013,3.386,11.609
5.214,53.968,2.515,10.576
5.317,53.937,-2.234,10.557
5.499,53.936,-1.690,7.791
5.709,53.956,-1.444,13.439
5.882,53.975,-2.941,13.773
6.012,54.002,2.050,8.879
6.183,54.046,5.058,11.307
6.368,54.060,4.418,12.680
6.583,54.095,5.670,12.192
6.796,54.153,-4.264,15.592
7.002,54.215,-2.730,11.238
7.197,54.291,3.281,8.122
7.416,54.439,6.290,9.323
7.528,54.406,1.062,10.886
7.586,54.204,-2.038,12.096
7.647,54.162,-3.818,13.450
7.682,54.119,-0.524,12.233
7.719,54.146,1.489,11.355
7.718,54.137,0.886,13.612
7.711,54.234,0.918,12.995
7.700,54.435,-2.694,13.869
7.694,54.468,-5.523,9.727
7.665,54.300,-0.883,9.582
7.559,54.299,14.281,16.930
7.333,54.443,10.269,9.465
7.303,54.508,-0.816,10.412
7.310,54.538,-1.950,13.147
7.341,54.516,-4.738,11.770
7.434,54.538,-1.950,9.403
7.555,54.601,0.138,10.750
7.640,54.584,-0.929,9.562
7.740,54.619,-2.481,9.411
7.811,54.674,-1.694,10.740
7.822,54.695,-0.576,8.080
7.803,54.685,1.849,11.447
7.788,54.706,-0.462,11.110
7.758,54.692,1.040,10.800
7.709,54.663,-0.333,10.761
7.703,54.667,0.217,11.371
7.704,54.667,0.749,10.996
7.677,54.494,0.606,9.569
7.687,54.462,0.276,10.363
7.691,54.433,0.961,11.090
7.703,54.409,0.183,11.130
7.708,54.416,0.092,10.929
7.711,54.409,0.668,10.662
7.713,54.404,0.482,11.214
7.734,54.406,0.234,10.962
7.758,54.410,0.434,10.847
7.778,54.398,0.681,10.941
7.806,54.405,0.501,11.146
7.834,54.398,0.813,11.285
7.866,54.396,0.574,10.940
7.885,54.394,0.805,10.764
7.904,54.398,0.785,11.197
7.918,54.393,0.890,11.391
7.933,54.390,0.342,11.298
7.949,54.395,0.659,11.225
7.964,54.389,0.482,10.918
7.987,54.387,0.450,11.160
8.007,54.388,0.265,11.292
8.037,54.392,0.822,10.941
8.059,54.399,0.342,10.975
8.072,54.397,0.626,11.337
8.087,54.411,0.490,11.283
8.099,54.407,0.907,11.086
8.114,54.414,0.451,11.322
8.126,54.412,0.420,11.166
8.134,54.415,0.374,11.120
8.137,54.419,0.422,11.413
8.144,54.431,0.684,11.039
8.144,54.438,0.297,11.323
8.144,54.434,0.437,11.800
8.145,54.431,0.858,11.123
8.146,54.436,0.246,11.217
8.149,54.448,0.677,11.365
8.150,54.449,0.577,11.301
8.182,54.446,-2.013,12.372
8.264,54.443,-0.575,11.867
8.420,54.433,-1.015,11.946
8.609,54.431,0.831,11.382
8.636,54.365,11.827,12.378
8.621,54.225,5.106,11.126
8.617,54.245,0.201,12.588
8.608,54.288,-0.161,11.636
8.592,54.280,2.910,10.439
8.596,54.292,-0.581,11.891
8.597,54.359,-1.813,12.614
8.585,54.386,-0.863,11.348
8.586,54.390,0.544,10.744
8.585,54.376,0.778,10.662
8.585,54.367,0.846,11.185
8.582,54.364,0.403,11.572
8.579,54.361,0.833,11.145
8.575,54.367,0.390,10.871
8.574,54.364,0.479,11.193
8.574,54.363,0.639,11.918
8.576,54.363,0.417,11.073
8.584,54.372,1.258,10.995
8.571,54.329,0.421,11.010
8.568,54.254,0.606,11.202
8.599,53.889,0.968,9.713
8.660,53.658,0.299,15.022
8.768,53.283,5.836,19.245
8.760,53.288,0.591,12.393
8.751,53.265,0.487,12.523
8.749,53.240,0.649,11.731
8.755,53.156,0.931,12.441
8.738,53.090,-0.280,12.914
8.707,53.072,0.012,12.615
8.686,53.053,0.185,12.568
8.640,53.017,1.051,11.192
8.639,53.018,0.318,13.068
8.642,53.018,1.047,12.837
8.651,53.031,0.436,12.223
8.651,53.036,0.442,12.156
8.654,53.049,0.499,12.241
8.657,53.049,0.482,12.682
8.657,53.049,0.437,12.969
8.653,53.045,0.200,12.370
8.650,53.046,0.575,12.792
8.646,53.053,0.842,12.884
8.656,53.045,1.209,12.540
8.647,53.051,-0.754,11.621
8.646,53.055,-0.175,12.477
8.651,53.081,0.723,13.611
8.650,53.094,0.075,12.540
8.642,53.091,0.378,13.060
8.643,53.088,0.544,11.710
8.643,53.093,1.005,12.523
8.637,53.111,0.516,12.110
8.618,53.184,0.168,12.556
8.548,53.333,0.786,12.980
8.455,53.582,0.682,14.551
8.415,53.672,0.923,12.430
8.400,53.709,1.542,11.506
8.390,53.751,0.296,11.707
8.389,53.788,0.437,12.065
8.391,53.885,1.060,12.383
8.416,54.022,1.032,12.377
8.461,54.196,0.569,10.893
8.496,54.426,-0.320,11.283
8.535,54.686,0.865,10.981
8.564,54.949,0.749,11.144
8.581,55.092,0.729,11.509
8.581,55.144,0.247,10.207
8.587,55.217,0.343,10.502
8.597,55.320,0.530,9.958
8.609,55.424,0.936,10.908
8.619,55.499,0.265,10.265
8.625,55.619,0.603,8.902
8.629,55.660,0.811,9.886
8.629,55.672,0.719,9.691
8.643,55.748,0.537,10.055
8.646,55.791,0.326,10.267
8.638,55.882,-0.391,8.552
8.632,55.990,0.630,8.965
8.638,56.067,0.467,9.272
8.645,56.156,0.486,9.667
8.649,56.363,0.229,10.459
8.649,56.951,-0.146,10.315
8.637,57.681,0.648,7.575
8.635,58.049,0.337,6.230
8.631,58.320,-0.302,7.948
8.632,58.542,0.816,5.859
8.629,58.642,0.231,7.127
8.632,58.787,0.482,6.521
8.633,58.860,-0.331,5.910
8.635,59.144,0.707,7.632
8.617,59.397,0.059,7.798
8.591,59.817,1.087,3.885
8.567,60.210,0.384,4.793
8.553,60.438,0.541,3.543
8.559,60.441,0.543,4.276
8.562,60.448,0.700,4.031
8.562,60.463,0.541,4.271
8.564,60.651,0.197,5.277
8.554,60.835,0.059,3.374
8.553,60.865,0.306,3.850
8.542,61.129,-0.172,5.186
8.536,61.228,0.359,2.505
8.536,61.229,0.648,3.797
8.532,61.233,0.596,3.241
8.516,61.341,0.201,3.765
8.505,61.360,-0.202,2.335
8.496,61.396,-0.051,4.263
8.456,62.472,-0.171,3.858
8.407,63.212,0.201,-1.119
8.410,63.223,0.505,0.493
8.404,63.231,0.544,0.767
8.391,63.238,0.595,1.953
8.410,63.222,0.596,1.057
8.399,63.235,0.435,0.957
8.385,63.309,0.545,1.599
8.375,63.417,0.838,2.400
8.360,63.730,0.278,1.002
8.353,63.935,0.623,1.191
8.337,64.247,0.574,0.047
8.325,64.369,0.796,-1.050
8.319,64.495,0.732,0.047
8.309,64.672,0.553,0.495
8.290,64.963,0.483,-1.600
8.290,65.012,0.435,-0.784
8.285,65.156,0.325,-0.924
8.279,65.552,0.481,0.016
8.271,65.657,1.104,-2.688
8.266,65.720,0.946,-1.136
8.260,65.765,0.872,-1.610
8.256,65.774,0.855,-1.654
8.252,65.823,0.974,-1.214
8.255,65.902,0.748,-1.784
8.259,65.961,0.745,-1.842
8.264,65.970,0.464,-1.995
8.259,66.018,1.089,-1.623
8.242,66.677,0.401,-2.115
8.242,66.850,0.342,-3.255
8.247,66.858,0.567,-2.930
8.242,66.870,0.498,-2.460
8.244,66.871,0.882,-3.019
8.239,66.882,0.230,-2.886
8.243,67.186,0.692,-0.712
8.221,67.616,0.292,-4.599
8.218,67.915,1.043,-3.404
8.216,68.211,0.822,-3.205
8.206,68.447,1.522,-5.547
8.205,68.457,0.868,-5.234
8.202,68.464,1.033,-4.530
8.199,68.483,0.455,-4.717
8.194,68.486,0.755,-4.966
8.189,68.513,0.485,-4.550
8.184,68.579,1.241,-4.685
8.181,68.576,0.893,-4.740
8.182,68.587,0.626,-4.481
8.190,68.582,1.274,-4.692
8.186,68.593,0.772,-4.724
8.184,68.612,0.720,-4.725
8.179,68.668,1.010,-4.254
8.178,68.758,0.751,-4.898
8.173,68.855,0.566,-4.661
8.167,68.918,0.832,-5.082
8.165,68.935,0.741,-5.150
8.169,68.943,0.891,-5.052
8.172,68.945,0.532,-4.981
8.173,68.938,0.690,-4.942
8.170,68.942,0.879,-5.126
8.166,68.946,1.112,-5.126
8.167,68.941,1.283,-4.881
8.172,68.945,0.862,-5.214
8.167,68.949,1.206,-5.048
8.167,68.950,0.877,-4.773
8.168,68.947,0.643,-5.001
8.170,68.947,0.982,-5.259
8.172,68.952,0.753,-5.035
8.170,68.957,0.871,-4.886
8.171,68.962,0.913,-5.358
8.169,68.970,0.868,-5.093
8.174,68.970,0.828,-5.010
8.176,68.975,1.039,-5.279
8.176,68.979,0.265,-4.994
8.176,68.974,0.694,-5.239
8.175,68.972,0.469,-4.889
8.175,68.971,0.970,-5.203
8.172,68.975,0.567,-5.423
8.173,68.975,0.974,-5.240
8.176,68.966,0.749,-5.163
8.175,68.961,0.807,-5.283
8.181,68.959,0.832,-4.878
8.177,68.959,0.816,-4.861
8.178,68.951,1.105,-5.337
8.180,68.953,0.724,-5.316
8.182,68.951,0.744,-5.078
8.179,68.947,0.914,-5.163
8.180,68.931,0.828,-5.041
8.182,68.922,0.730,-5.412
8.188,68.919,0.630,-5.172
8.188,68.910,0.648,-5.578
8.197,68.887,1.054,-5.100
8.201,68.878,0.675,-4.945
8.200,68.865,0.628,-4.981
8.204,68.844,0.942,-5.014
8.208,68.837,0.959,-5.070
8.210,68.832,0.328,-4.767
8.211,68.836,0.470,-5.031
8.207,68.835,0.976,-4.983
8.202,68.828,0.758,-5.081
8.206,68.819,0.392,-5.025
8.205,68.812,0.584,-4.727
8.206,68.797,1.243,-4.426
8.209,68.790,0.482,-4.812
8.209,68.778,0.695,-5.700
8.208,68.773,0.893,-4.569
8.206,68.774,0.676,-4.544
8.201,68.776,0.837,-4.735
8.199,68.777,0.974,-4.550
8.194,68.777,0.866,-5.019
8.192,68.774,0.988,-4.823
8.191,68.774,0.536,-5.369
8.189,68.775,0.438,-5.150
8.192,68.775,0.785,-4.596
8.191,68.774,0.650,-5.138
8.187,68.778,0.583,-4.937
8.186,68.774,0.756,-4.754
8.184,68.774,0.991,-4.819
8.184,68.771,-0.099,-5.262
8.179,68.769,0.879,-4.814
8.178,68.770,0.393,-4.674
8.176,68.766,0.706,-4.863
8.177,68.764,0.814,-4.847
8.172,68.765,0.764,-4.644
8.170,68.766,1.059,-5.239
8.173,68.767,0.922,-4.649
8.170,68.766,0.551,-4.383
8.171,68.772,1.225,-5.121
8.173,68.775,0.809,-5.104
8.176,68.774,0.909,-4.961
8.176,68.774,1.109,-5.158
8.176,68.781,0.487,-4.832
8.179,68.780,0.969,-5.306
8.179,68.782,0.314,-5.330
8.175,68.779,0.390,-4.780
8.177,68.775,0.895,-4.972
8.176,68.776,0.941,-5.386
8.174,68.777,0.890,-4.958
8.174,68.779,0.598,-4.723
8.175,68.780,1.104,-4.974
8.177,68.779,0.961,-4.877
8.178,68.775,0.550,-4.962
8.176,68.764,0.593,-4.668
8.179,68.742,0.676,-4.858
8.184,68.732,0.437,-5.043
8.180,68.716,0.757,-5.283
8.180,68.703,0.576,-5.081
8.182,68.690,0.828,-4.589
8.189,68.645,0.630,-5.117
8.214,68.501,0.549,-5.139
8.252,68.331,0.562,-4.191
8.312,67.354,0.419,-14.418
8.549,61.380,1.990,17.541
8.575,61.092,0.395,12.377
8.619,57.342,-1.771,0.060
8.546,56.393,-0.597,2.886
8.521,56.140,0.078,14.299
8.469,55.738,2.622,14.907
8.441,55.274,0.459,10.326
8.440,55.169,0.879,12.707
8.453,55.158,0.519,11.281
8.457,55.161,0.613,11.626
8.457,55.160,0.562,11.666
8.458,55.168,0.012,11.070
8.452,55.169,-0.036,11.842
8.454,55.174,0.607,11.581
8.457,55.170,0.615,11.673
8.452,55.161,0.404,11.690
8.451,55.146,1.026,11.632
8.449,55.145,0.676,12.007
8.448,55.163,0.707,11.752
8.450,55.194,0.440,11.615
8.462,55.279,0.663,11.934
8.519,55.506,0.229,10.781
8.550,55.686,0.611,10.729
8.567,55.755,0.170,11.265
8.571,55.792,0.468,11.250
8.572,55.806,0.705,11.177
8.568,55.802,0.168,10.688
8.564,55.816,0.338,11.131
8.566,55.824,0.600,10.364
8.553,55.861,-0.638,12.063
8.543,55.854,0.571,10.855
8.551,55.850,0.832,11.085
8.551,55.857,0.404,12.130
8.543,55.860,0.512,11.000
8.535,55.956,0.203,11.917
8.514,56.329,0.371,10.871
8.512,56.582,0.584,8.842
8.496,56.737,0.658,9.901
8.487,57.211,0.336,9.588
8.465,57.794,1.056,8.724
8.460,58.787,1.998,11.166
8.424,60.129,-0.051,6.619
8.272,61.278,-2.310,1.110
8.191,62.601,2.357,7.430
8.037,63.938,1.284,1.146
7.961,65.202,1.409,0.920
7.965,66.316,0.736,-1.664
7.937,67.353,0.695,-3.706
7.926,67.770,1.024,-4.799
8.010,67.744,1.591,-2.613
8.061,67.722,1.468,-2.751
8.092,67.705,0.939,-2.532
8.088,67.700,1.378,-2.544
8.074,67.707,0.941,-2.172
8.068,67.703,1.001,-2.572
8.060,67.708,1.167,-2.138
8.062,67.719,0.780,-2.711
8.042,67.908,0.868,-0.998
8.019,68.321,1.226,-2.868
8.034,68.877,2.503,-2.299
8.015,69.589,-0.428,-3.699
8.002,70.435,1.039,-5.678
8.012,70.952,1.019,-6.068
8.008,71.306,1.022,-7.536
8.059,71.668,0.740,-4.913
8.057,72.238,0.776,-8.268
8.062,72.488,0.644,-6.985
8.051,73.012,1.562,-7.478
8.029,73.666,1.111,-8.399
8.010,74.273,1.437,-10.108
8.012,74.783,0.809,-9.565
8.012,75.435,0.835,-10.856
8.012,75.680,1.050,-13.008
8.013,75.754,0.928,-11.275
8.010,76.062,0.847,-9.982
8.005,76.410,1.257,-12.715
8.006,76.503,1.025,-12.718
8.002,76.717,0.823,-11.929
7.984,77.187,1.291,-12.638
7.984,77.556,1.379,-14.049
7.976,77.969,1.627,-13.859
7.975,78.440,1.278,-13.601
7.973,78.682,0.756,-15.742
7.989,78.683,1.211,-15.218
7.985,78.833,1.149,-13.813
7.980,79.077,1.956,-16.319
8.020,79.127,1.607,-14.926
8.022,79.248,1.280,-14.694
8.013,79.482,0.988,-15.979
8.027,79.684,1.054,-15.964
8.024,79.947,1.384,-15.892
8.018,80.302,1.488,-16.352
8.007,80.646,0.733,-17.123
8.003,80.929,0.581,-17.680
7.997,81.137,1.261,-17.981
7.993,81.237,0.843,-18.235
8.000,81.218,1.141,-18.367
8.005,81.167,0.961,-17.343
8.013,81.182,0.813,-17.520
8.014,81.187,1.027,-17.933
8.019,81.192,0.728,-17.497
8.014,81.217,1.421,-17.572
8.039,81.235,1.284,-17.681
8.053,81.239,1.211,-17.977
8.056,81.266,0.614,-17.772
8.061,81.270,1.708,-18.159
8.075,81.241,1.347,-17.773
8.092,81.213,0.732,-17.967
8.096,81.216,0.612,-17.980
8.109,81.191,1.766,-17.210
8.113,81.171,0.662,-17.808
8.122,81.153,0.462,-17.613
8.116,81.164,0.475,-17.464
8.116,81.185,0.932,-17.755
8.119,81.169,0.783,-17.749
8.122,81.170,0.926,-17.746
8.118,81.199,0.697,-17.605
8.114,81.205,0.602,-18.096
8.126,81.205,1.181,-17.404
8.129,81.214,0.847,-17.488
8.136,81.224,0.662,-17.813
8.141,81.240,1.160,-17.609
8.147,81.225,1.161,-17.736
8.149,81.151,0.733,-17.759
8.153,81.038,0.816,-17.516
8.160,80.998,1.031,-17.876
8.161,81.004,1.082,-17.141
8.163,81.035,0.878,-17.101
8.160,81.076,0.959,-17.442
8.158,81.067,0.964,-17.775
8.162,81.016,0.579,-17.415
8.143,80.974,0.412,-18.620
8.140,80.940,1.157,-17.150
8.148,80.953,1.072,-17.368
8.147,80.985,0.728,-17.819
8.150,81.023,0.953,-17.380
8.150,81.079,0.676,-17.539
8.157,81.122,0.997,-17.209
8.180,81.146,0.541,-17.087
8.181,81.127,0.912,-17.988
8.183,81.107,0.529,-17.505
8.191,81.082,0.882,-17.429
8.217,81.070,1.523,-16.786
8.222,81.065,0.785,-17.701
8.216,81.028,0.614,-17.741
8.221,80.974,0.866,-17.089
8.203,80.896,1.291,-17.590
8.206,80.929,0.730,-17.407
8.207,80.957,0.528,-17.017
8.204,81.014,0.698,-17.284
8.203,81.024,0.832,-17.885
8.201,81.010,1.093,-17.122
8.205,80.999,0.970,-17.392
8.206,81.015,0.959,-17.678
8.189,80.997,0.959,-17.644
8.181,81.016,1.006,-17.690
8.176,81.071,0.725,-17.314
8.168,81.141,1.394,-17.254
8.165,81.220,1.091,-18.019
8.171,81.341,0.792,-17.620
8.183,81.493,0.804,-17.953
8.186,81.663,0.761,-17.738
8.191,81.984,0.847,-18.349
8.186,82.312,0.897,-19.251
8.181,82.640,0.814,-19.163
8.177,82.970,0.831,-19.684
8.171,83.235,0.469,-20.277
8.165,83.408,1.054,-20.870
8.165,83.521,0.861,-20.003
8.157,83.661,0.521,-20.696
8.149,83.765,0.983,-20.765
8.149,83.869,0.910,-20.237
8.145,83.970,1.277,-20.927
8.151,84.115,0.925,-20.357
8.149,84.279,0.712,-21.119
8.140,84.434,0.798,-21.313
8.138,84.600,0.596,-21.749
8.136,84.755,0.907,-21.408
8.136,84.903,0.732,-21.890
8.129,84.965,1.035,-22.303
8.136,84.961,1.297,-21.989
8.135,85.013,0.453,-21.674
8.141,85.066,0.700,-22.082
8.144,85.091,0.983,-22.116
8.156,85.121,0.633,-22.305
8.152,85.140,0.877,-22.491
8.152,85.166,0.823,-22.162
8.143,85.179,0.846,-22.619
8.143,85.169,0.959,-22.261
8.146,85.148,0.616,-22.725
8.147,85.130,1.044,-21.622
8.148,85.118,0.904,-21.963
8.146,85.104,0.986,-22.194
8.149,85.134,1.021,-21.870
8.142,85.182,0.754,-22.343
8.129,85.164,1.106,-22.808
8.135,85.115,0.667,-22.589
8.153,85.037,0.875,-22.375
8.154,84.918,0.714,-22.084
8.156,84.848,0.494,-21.645
8.152,84.771,0.931,-21.698
8.145,84.724,0.936,-21.532
8.145,84.715,0.678,-21.746
8.140,84.690,0.886,-21.818
8.133,84.760,0.734,-21.374
8.139,84.865,0.910,-20.748
8.131,84.963,1.004,-22.358
8.116,85.060,1.080,-22.160
8.110,85.148,1.276,-22.241
8.104,85.237,0.977,-22.611
8.094,85.323,0.136,-22.446
8.084,85.353,0.863,-22.438
8.090,85.345,1.204,-22.633
8.094,85.342,0.820,-22.494
8.101,85.272,1.072,-22.588
8.108,85.233,0.822,-22.067
8.109,85.180,1.137,-22.546
8.119,85.085,0.782,-22.133
8.120,84.985,0.685,-21.769
8.114,84.910,0.286,-22.003
8.110,84.890,0.840,-21.572
8.106,84.947,0.691,-21.276
8.092,85.037,0.837,-21.922
8.091,85.089,1.230,-21.787
8.095,85.095,1.635,-22.113
8.099,85.021,0.735,-21.878
8.099,84.963,0.828,-21.716
8.097,84.925,1.076,-21.853
8.097,84.925,0.958,-22.608
8.085,84.905,1.209,-22.423
8.065,84.980,0.440,-22.053
8.054,85.061,0.858,-22.295
8.052,85.207,1.327,-22.582
8.043,85.366,0.767,-22.078
8.037,85.585,1.062,-22.540
8.028,85.777,1.278,-22.904
8.025,85.862,1.225,-23.120
8.034,85.898,1.294,-22.988
8.038,85.927,0.877,-23.026
8.039,85.917,1.048,-23.321
8.040,85.867,1.091,-23.274
8.047,85.823,0.682,-23.062
8.054,85.766,0.976,-22.576
8.064,85.688,1.045,-22.039
8.083,85.653,0.553,-22.839
8.099,85.656,1.203,-22.726
8.109,85.684,0.828,-23.030
8.119,85.656,0.965,-23.591
8.112,85.545,0.515,-22.860
8.092,85.507,0.541,-22.063
8.080,85.544,0.729,-22.389
8.068,85.592,1.448,-23.043
8.064,85.652,1.139,-22.728
8.061,85.686,0.811,-23.388
8.060,85.686,0.872,-22.748
8.057,85.681,1.093,-22.771
8.054,85.674,0.947,-23.022
8.056,85.684,0.459,-22.576
8.058,85.690,1.131,-22.639
8.056,85.691,0.935,-22.713
8.058,85.703,0.934,-22.782
8.065,85.743,1.083,-22.913
8.074,85.786,1.118,-22.557
8.076,85.826,1.100,-22.795
8.074,85.882,1.397,-23.348
8.073,85.911,0.759,-23.022
8.066,85.920,1.075,-23.096
8.069,85.912,1.193,-23.003
8.071,85.896,0.706,-22.798
8.069,85.830,0.811,-22.648
8.070,85.767,0.899,-22.669
8.072,85.709,0.927,-23.434
8.077,85.629,1.400,-22.555
8.079,85.595,1.268,-22.261
8.081,85.530,0.677,-22.892
8.085,85.434,0.935,-22.797
8.086,85.344,1.272,-22.502
8.089,85.264,1.051,-22.618
8.081,85.276,0.732,-21.905
8.075,85.353,1.151,-22.359
8.055,85.441,0.934,-22.732
8.049,85.457,0.768,-22.273
8.044,85.446,0.545,-22.669
8.039,85.310,1.183,-23.229
8.044,84.914,1.324,-23.423
7.971,83.650,0.290,-26.094
7.998,79.762,0.561,-31.601
8.122,73.787,-0.629,-29.610
8.259,67.812,-9.607,-16.250
7.743,61.588,-14.848,11.972
7.744,61.839,1.268,23.622
7.714,61.629,1.614,11.629
7.687,61.473,0.934,11.229
7.681,61.409,0.554,10.734
7.679,61.440,0.336,10.542
7.697,61.531,1.156,11.143
7.691,61.547,0.359,10.226
7.697,61.570,0.525,10.378
7.697,61.603,0.405,10.562
7.699,61.620,0.474,9.895
7.716,61.665,0.171,11.084
7.720,61.686,0.215,10.114
7.723,61.699,0.296,10.498
7.729,61.695,0.407,10.227
7.730,61.697,0.589,10.393
7.734,61.713,0.674,10.052
7.732,61.727,0.515,10.063
7.729,61.762,0.885,10.576
7.735,61.799,0.860,9.996
7.745,61.857,0.533,10.547
7.749,61.975,0.219,10.237
7.749,62.248,0.294,10.422
7.727,62.871,0.389,11.389
7.695,64.437,1.008,10.843
7.633,66.662,1.333,7.734
7.467,69.386,0.606,4.508
7.296,71.993,0.866,-4.199
7.225,73.153,2.047,-4.257
7.348,73.236,1.853,-2.495
7.408,73.106,1.094,-2.508
7.440,72.812,0.864,-2.176
7.454,72.931,0.951,-2.316
7.444,73.200,0.415,-2.158
7.448,73.560,0.857,-2.129
7.443,74.353,0.687,-1.476
7.401,75.472,1.328,-2.946
7.393,76.781,0.421,-6.961
7.379,77.766,0.684,-7.560
7.356,78.978,1.678,-8.225
7.349,80.069,1.148,-9.750
7.320,81.125,0.465,-9.735
7.284,82.601,0.830,-11.504
7.263,84.015,0.744,-13.967
7.257,85.294,2.314,-14.122
7.227,86.584,1.322,-16.395
7.192,88.066,-0.038,-20.040
7.145,89.251,1.491,-19.991
7.098,90.401,1.103,-21.769
7.054,91.406,1.483,-22.844
7.009,92.231,1.594,-23.709
6.970,92.993,0.204,-24.953
6.956,93.522,1.404,-25.248
6.953,93.967,0.984,-26.174
6.956,94.346,1.261,-26.329
6.946,94.761,1.452,-26.517
6.955,95.123,1.415,-26.638
6.977,95.530,1.044,-27.533
6.960,96.080,0.594,-27.604
6.954,96.532,2.457,-28.732
6.955,97.064,1.042,-28.887
6.929,97.670,0.828,-30.196
6.910,98.436,0.816,-31.049
6.898,99.249,1.959,-30.894
6.875,99.985,-0.096,-33.378
6.856,100.745,2.339,-31.976
6.842,101.388,2.956,-34.074
6.851,102.112,1.665,-34.601
6.828,102.685,1.399,-36.257
6.807,103.080,1.315,-37.029
6.791,103.419,1.703,-36.417
6.787,103.615,1.255,-36.935
6.787,103.785,1.641,-37.127
6.803,103.869,1.324,-37.662
6.818,103.905,1.648,-37.396
6.816,103.951,1.283,-37.014
6.802,104.081,1.592,-37.408
6.792,104.364,1.491,-37.234
6.785,104.696,0.989,-38.442
6.786,104.997,1.636,-38.139
6.765,105.308,0.259,-38.361
6.752,105.703,1.930,-38.802
6.755,106.112,2.165,-38.972
6.750,106.467,1.071,-40.623
6.734,106.785,1.424,-41.117
6.729,107.034,1.653,-40.421
6.716,107.252,1.587,-40.890
6.713,107.446,2.071,-40.881
6.716,107.584,1.434,-41.040
6.717,107.820,1.374,-41.450
6.703,108.130,1.637,-41.664
6.685,108.419,1.728,-42.948
6.680,108.698,1.801,-42.550
6.677,108.938,2.048,-42.925
6.671,109.169,1.459,-42.769
6.667,109.272,2.062,-43.636
6.662,109.319,1.490,-43.309
6.669,109.344,2.090,-43.018
6.685,109.359,1.835,-43.574
6.693,109.358,1.804,-43.409
6.695,109.347,1.766,-43.566
6.702,109.344,1.304,-43.126
6.719,109.290,1.426,-44.028
6.732,109.171,0.673,-43.136
6.732,109.132,1.868,-43.414
6.728,109.122,1.914,-43.383
6.719,109.121,1.339,-43.165
6.725,109.120,1.993,-43.371
6.727,109.110,2.125,-43.293
6.730,109.057,1.706,-43.099
6.733,109.023,1.880,-42.875
6.727,109.020,1.101,-43.429
6.718,109.011,1.734,-42.882
6.719,109.020,1.956,-43.389
6.726,109.039,1.796,-42.978
6.733,109.058,1.222,-42.655
6.727,109.057,1.803,-43.052
6.730,109.057,1.517,-42.684
6.730,109.044,0.956,-43.312
6.725,109.015,1.537,-42.791
6.726,109.004,1.518,-42.989
6.728,108.996,1.961,-43.287
6.728,108.978,1.681,-43.055
6.720,108.973,1.938,-43.269
6.719,108.972,1.503,-42.650
6.718,108.973,1.499,-42.633
6.717,108.969,1.770,-43.308
6.714,108.968,1.587,-43.342
6.704,108.962,1.494,-42.736
6.709,108.970,1.395,-42.768
6.711,108.995,1.457,-43.597
6.701,108.923,1.437,-43.469
6.719,108.691,2.204,-42.625
6.725,108.556,1.687,-42.607
6.728,108.461,1.610,-42.321
6.720,108.404,1.697,-42.875
6.719,108.317,1.639,-42.064
6.725,108.268,2.209,-41.827
6.734,108.245,1.362,-42.114
6.735,108.267,1.312,-42.412
6.728,108.304,1.829,-42.040
6.717,108.354,2.061,-41.876
6.713,108.428,1.230,-42.053
6.702,108.511,1.239,-42.538
6.694,108.549,2.085,-43.203
6.700,108.599,1.481,-42.472
6.699,108.635,1.720,-42.749
6.695,108.642,1.699,-42.656
6.698,108.720,2.196,-42.658
6.690,108.812,1.994,-42.902
6.682,108.811,1.315,-43.222
6.677,108.790,1.649,-42.446
6.676,108.774,1.629,-42.984
6.679,108.772,1.948,-42.883
6.679,108.767,1.362,-42.926
6.681,108.782,1.575,-42.958
6.694,108.816,1.914,-43.094
6.691,108.863,1.844,-43.054
6.696,108.873,2.049,-42.913
6.691,108.861,1.061,-42.970
6.687,108.844,1.388,-43.095
6.683,108.818,1.928,-42.569
6.685,108.828,1.118,-43.598
6.699,108.844,1.377,-43.230
6.693,108.790,1.494,-43.015
6.688,108.750,2.042,-42.838
6.694,108.694,1.946,-42.663
6.692,108.673,1.710,-42.450
6.690,108.674,1.623,-42.041
6.700,108.702,1.787,-42.500
6.707,108.717,2.234,-42.568
6.710,108.717,1.716,-42.890
6.703,108.713,1.235,-42.794
6.700,108.713,1.661,-43.332
6.699,108.714,1.347,-42.522
6.699,108.714,1.818,-43.163
6.705,108.727,1.439,-42.486
6.707,108.729,1.307,-42.551
6.711,108.732,1.948,-42.719
6.714,108.747,1.302,-43.012
6.707,108.748,1.198,-42.958
6.709,108.750,2.104,-42.969
6.696,108.773,1.364,-42.900
6.693,108.792,1.896,-42.986
6.694,108.795,1.710,-43.140
6.702,108.815,1.334,-42.716
6.699,108.817,1.464,-42.644
6.697,108.802,1.940,-43.125
6.688,108.783,1.464,-42.480
6.677,108.774,1.695,-42.877
6.679,108.787,1.702,-42.640
6.675,108.803,1.502,-42.969
6.676,108.827,1.699,-42.802
6.684,108.824,1.878,-43.580
6.680,108.796,1.625,-42.833
6.683,108.786,1.688,-42.416
6.685,108.794,1.845,-43.368
6.685,108.807,1.304,-42.787
6.684,108.812,1.495,-42.978
6.685,108.815,1.374,-42.418
6.679,108.814,1.661,-43.064
6.679,108.814,1.854,-42.926
6.679,108.816,1.804,-42.958
6.682,108.815,1.354,-42.824
6.679,108.816,1.802,-43.076
6.677,108.826,1.984,-42.630
6.681,108.863,1.511,-42.508
6.686,108.913,1.894,-42.965
6.681,108.963,1.577,-42.714
6.681,108.972,1.325,-43.702
6.677,108.957,1.734,-42.741
6.683,108.943,1.760,-43.005
6.685,108.935,1.695,-42.732
6.690,108.943,2.021,-42.769
6.696,108.963,1.760,-42.625
6.698,108.963,1.823,-43.262
6.692,108.959,1.314,-43.390
6.689,108.951,1.467,-42.976
6.685,108.938,1.852,-43.467
6.684,108.927,1.591,-43.118
6.682,108.921,1.314,-42.549
6.689,108.909,1.233,-42.751
6.705,108.839,1.297,-43.239
6.710,108.714,1.579,-43.120
6.713,108.621,2.065,-42.988
6.712,108.589,1.669,-42.271
6.707,108.587,1.961,-42.507
6.707,108.601,0.467,-42.446
6.711,108.615,1.624,-42.816
6.708,108.607,1.615,-42.676
6.707,108.605,1.876,-42.984
6.708,108.612,0.999,-42.552
6.703,108.616,1.647,-42.143
6.694,108.678,1.463,-43.243
6.693,108.680,1.450,-43.040
6.687,108.663,1.735,-42.408
6.698,108.646,1.694,-42.476
6.695,108.636,1.579,-42.234
6.688,108.634,1.663,-42.681
6.683,108.668,0.934,-43.080
6.692,108.758,1.218,-43.299
6.692,108.749,1.914,-42.896
6.694,108.700,2.268,-42.920
6.694,108.634,1.933,-42.245
6.694,108.565,1.363,-42.960
6.694,108.499,1.660,-41.958
6.693,108.502,1.751,-42.807
6.696,108.524,1.995,-42.878
6.696,108.522,1.543,-43.002
6.690,108.532,1.224,-42.145
6.692,108.641,1.391,-43.171
6.705,108.724,1.492,-42.784
6.708,108.746,1.857,-42.842
6.706,108.766,1.676,-42.627
6.710,108.833,1.210,-42.225
6.742,108.935,1.719,-42.751
6.740,109.015,2.095,-43.167
6.715,109.088,0.641,-42.914
6.708,109.182,1.804,-43.320
6.700,109.251,1.881,-43.536
6.695,109.303,1.439,-43.270
6.693,109.331,0.582,-43.505
6.693,109.297,2.203,-43.299
6.703,109.287,1.063,-43.106
6.719,109.305,1.315,-43.459
6.721,109.302,1.298,-43.216
6.713,109.306,1.582,-43.649
6.712,109.296,2.276,-43.874
6.704,109.271,2.011,-43.647
6.704,109.254,1.849,-43.528
6.704,109.233,1.117,-43.645
6.708,109.249,1.600,-43.699
6.714,109.253,1.359,-43.712
6.716,109.243,1.928,-43.568
6.716,109.220,1.410,-43.636
6.711,109.208,0.998,-43.211
6.712,109.227,1.760,-43.875
6.711,109.244,1.748,-42.974
6.712,109.261,1.879,-43.626
6.719,109.266,1.392,-43.227
6.716,109.239,1.995,-43.217
6.717,109.185,1.667,-43.452
6.716,109.131,1.611,-43.096
6.720,109.105,2.260,-43.540
6.720,109.109,0.774,-43.064
6.723,109.118,1.610,-43.213
6.732,109.117,1.258,-43.304
6.732,109.098,1.754,-43.396
6.728,109.052,1.512,-42.846
6.726,109.003,2.048,-43.344
6.729,108.940,1.122,-42.792
6.736,108.932,1.289,-43.127
6.732,108.953,1.653,-43.398
6.728,108.956,1.606,-42.869
6.729,108.996,1.527,-43.023
6.731,109.021,1.538,-43.142
6.724,109.009,1.532,-43.308
6.731,108.997,1.574,-42.999
6.732,108.998,1.941,-42.972
6.734,109.006,1.547,-43.118
6.736,109.009,1.758,-42.774
6.737,108.969,1.010,-43.873
6.738,108.897,2.071,-43.064
6.739,108.885,2.054,-42.343
6.739,108.889,1.972,-43.228
6.739,108.915,1.878,-43.157
6.730,108.931,1.893,-43.562
6.729,108.923,1.976,-43.038
6.731,108.867,1.101,-43.000
6.734,108.814,1.198,-43.353
6.727,108.801,1.169,-42.749
6.722,108.802,1.846,-42.842
6.718,108.798,1.379,-42.298
6.715,108.800,1.449,-42.843
6.709,108.804,1.154,-43.239
6.709,108.795,1.601,-42.689
6.702,108.748,1.976,-42.699
6.703,108.686,0.689,-42.783
6.710,108.610,1.522,-43.212
6.709,108.245,1.875,-43.986
6.700,107.446,1.008,-43.057
6.637,105.951,2.350,-42.748
6.651,104.212,1.635,-44.012
6.722,100.439,6.097,-40.966
6.757,94.313,-0.004,-35.824
6.964,88.338,2.665,-33.153
7.226,82.364,10.136,-14.804
6.760,76.389,-17.745,-28.637
6.720,76.681,-3.139,9.661
6.745,76.571,2.522,14.599
6.719,76.516,0.419,12.125
6.709,76.515,-0.064,12.009
6.691,76.544,1.059,15.282
6.684,76.590,-0.238,14.011
6.674,76.634,-0.103,13.741
6.665,76.691,0.599,13.999
6.678,76.745,1.048,12.225
6.651,76.784,0.760,12.382
6.605,76.771,-1.545,8.318
6.539,77.409,3.741,23.684
6.710,77.946,20.737,14.898
6.727,77.843,0.813,12.167
6.743,77.868,0.274,9.528
6.746,77.864,1.203,12.306
6.764,77.851,1.407,12.134
6.780,77.856,1.301,13.060
6.794,77.847,-0.209,11.633
6.794,77.836,1.188,11.946
6.810,77.831,1.348,12.007
6.829,77.835,0.547,12.023
6.836,77.818,-1.499,10.654
6.842,77.804,0.854,12.250
6.858,77.750,2.577,12.288
6.883,77.724,0.897,12.404
6.895,77.694,-0.680,12.109
6.900,77.659,0.621,12.550
6.912,77.675,0.906,12.151
6.915,77.683,0.654,11.476
6.924,77.630,0.327,11.952
6.963,77.403,1.006,11.908
6.978,77.517,0.076,13.540
6.971,77.772,0.116,8.822
6.985,77.772,1.280,13.708
6.985,77.767,0.910,11.684
6.987,77.781,0.475,12.521
6.976,77.761,0.827,12.083
6.976,77.756,0.661,12.545
6.981,77.764,0.872,12.204
6.985,77.761,0.138,12.226
6.987,77.761,0.551,12.418
6.993,77.749,1.073,12.455
6.997,77.752,0.891,12.203
6.998,77.731,0.595,12.014
6.999,77.740,0.514,12.065
6.997,77.738,1.105,12.790
6.998,77.733,0.700,12.234
7.002,77.736,0.028,11.846
6.999,77.727,0.468,12.047
7.006,77.728,0.666,12.959
7.019,77.721,0.534,12.715
7.040,77.722,0.452,12.004
7.058,77.710,0.317,12.303
7.082,77.702,0.686,12.080
7.112,77.710,0.460,12.793
7.138,77.711,0.442,12.332
7.169,77.728,0.867,12.329
7.198,77.717,0.907,12.586
7.227,77.714,0.533,12.492
7.267,77.722,0.558,12.197
7.287,77.704,0.848,12.425
7.315,77.708,0.803,12.008
7.340,77.723,0.933,12.535
7.358,77.725,0.960,12.173
7.367,77.719,0.453,12.177
7.371,77.706,1.130,12.300
7.382,77.721,0.878,12.203
7.391,77.723,0.423,12.472
7.394,77.726,0.691,12.537
7.401,77.717,0.606,11.991
7.408,77.732,0.345,12.205
7.413,77.727,0.735,12.525
7.419,77.736,0.594,12.337
7.420,77.728,1.075,12.423
7.426,77.732,0.566,12.978
7.422,77.724,0.347,12.406
7.423,77.719,0.263,12.496
7.426,77.726,0.488,12.065
7.427,77.727,0.674,12.611
7.431,77.730,0.519,12.259
7.427,77.724,0.578,12.386
7.428,77.717,1.290,12.483
7.429,77.712,0.186,12.202
7.430,77.709,0.217,12.444
7.433,77.710,0.643,12.091
7.431,77.716,0.685,11.934
7.435,77.715,0.400,12.038
7.449,77.712,0.689,12.312
7.470,77.712,0.515,12.184
7.491,77.707,0.605,11.790
7.513,77.705,0.479,11.941
7.537,77.699,0.572,12.461
7.565,77.711,0.689,12.155
7.591,77.706,0.880,11.930
7.612,77.711,0.813,12.159
7.635,77.704,0.829,12.606
7.654,77.699,0.895,12.433
7.671,77.696,0.534,12.048
7.686,77.689,0.405,12.259
7.693,77.689,1.029,12.546
7.700,77.680,0.753,12.502
7.704,77.683,0.664,12.347
7.708,77.677,0.807,12.161
7.709,77.669,0.738,12.666
7.710,77.661,0.807,12.454
7.717,77.659,0.183,11.999
7.725,77.660,0.873,12.677
7.731,77.658,0.525,12.275
7.748,77.660,0.603,12.310
7.763,77.656,0.779,12.414
7.775,77.641,0.704,12.200
7.797,77.650,1.011,12.680
7.813,77.650,0.295,12.505
7.820,77.644,0.735,12.367
7.821,77.645,0.757,12.263
7.826,77.637,0.667,12.082
7.824,77.648,0.390,12.468
7.823,77.641,0.263,12.301
7.825,77.632,1.251,12.276
7.823,77.631,0.938,12.515
7.820,77.624,0.090,12.205
7.822,77.622,0.559,12.458
7.822,77.626,0.465,12.241
7.818,77.627,0.872,12.641
7.818,77.626,0.451,12.150
7.817,77.627,0.550,12.482
7.814,77.619,0.421,12.839
7.813,77.614,0.859,12.277
7.809,77.611,0.517,12.469
7.807,77.610,0.499,12.399
7.806,77.609,0.786,12.110
7.803,77.611,0.833,12.242
7.801,77.617,0.569,12.250
7.799,77.623,0.872,12.496
7.796,77.619,0.421,12.399
7.799,77.624,0.847,12.498
7.796,77.625,0.551,12.762
7.792,77.626,0.692,12.370
7.792,77.631,0.642,12.285
7.795,77.632,0.896,12.121
7.794,77.631,0.923,12.330
7.797,77.632,0.557,12.476
7.796,77.629,0.550,12.081
7.797,77.629,0.812,12.332
