-0.129,0.188,0.771,13.260
-0.131,0.190,1.033,13.446
-0.133,0.188,1.139,13.188
-0.129,0.193,1.131,13.309
-0.128,0.193,0.867,13.213
-0.131,0.189,1.106,13.279
-0.131,0.189,1.209,13.575
-0.130,0.189,1.029,12.999
-0.130,0.191,0.638,13.189
-0.128,0.187,1.300,13.328
-0.128,0.183,1.236,13.036
-0.125,0.184,1.249,13.390
-0.126,0.184,1.109,13.570
-0.129,0.186,1.289,13.315
-0.128,0.187,1.569,13.241
-0.128,0.188,1.185,13.515
-0.129,0.195,0.960,13.211
-0.131,0.200,0.757,13.227
-0.132,0.199,1.228,13.124
-0.136,0.202,0.705,13.375
-0.135,0.205,1.021,12.973
-0.141,0.210,1.036,13.034
-0.143,0.206,1.288,13.371
-0.145,0.203,1.214,14.309
-0.146,0.205,0.795,13.225
-0.148,0.205,0.988,13.173
-0.149,0.202,1.243,13.405
-0.149,0.206,0.812,13.377
-0.149,0.207,0.913,13.330
-0.147,0.203,1.116,13.152
-0.145,0.202,1.257,13.249
-0.141,0.209,0.873,12.965
-0.137,0.206,0.898,13.240
-0.139,0.211,0.984,13.384
-0.139,0.202,1.224,13.417
-0.130,0.202,1.218,12.908
-0.123,0.195,0.872,12.945
-0.118,0.194,1.455,12.935
-0.114,0.196,1.402,13.160
-0.092,0.195,1.288,12.877
-0.077,0.186,0.846,12.562
-0.026,0.204,1.502,11.929
-0.012,0.104,0.299,16.417
-0.029,0.138,0.526,12.943
-0.034,0.170,1.353,12.359
-0.035,0.128,1.362,13.054
-0.036,0.134,0.467,13.159
-0.035,0.141,1.015,13.227
-0.039,0.144,1.388,12.958
-0.037,0.150,0.924,13.040
-0.035,0.152,0.565,13.410
-0.036,0.154,0.504,13.359
-0.031,0.147,1.150,13.164
-0.032,0.145,1.120,13.347
-0.030,0.142,0.866,13.278
-0.031,0.145,0.906,12.964
-0.030,0.149,0.990,13.276
-0.031,0.143,1.279,13.675
-0.030,0.149,0.757,12.994
-0.025,0.147,0.845,13.450
-0.025,0.143,0.821,13.122
-0.023,0.144,0.987,13.254
-0.025,0.139,0.834,13.297
-0.025,0.138,0.457,13.587
-0.022,0.140,0.693,13.293
-0.021,0.144,1.356,13.377
-0.019,0.141,1.115,13.231
-0.018,0.145,1.278,13.050
-0.018,0.150,0.917,13.804
-0.019,0.152,0.803,13.383
-0.020,0.152,1.034,13.456
-0.020,0.144,1.023,13.663
-0.022,0.148,0.992,12.910
-0.019,0.144,1.153,12.978
-0.019,0.144,1.216,13.016
-0.017,0.146,1.079,13.015
-0.016,0.147,0.748,12.985
-0.016,0.144,0.850,13.131
-0.017,0.141,0.644,13.114
-0.017,0.143,0.910,13.206
-0.021,0.141,1.162,13.330
-0.025,0.138,0.640,13.101
-0.026,0.143,0.774,13.204
-0.026,0.140,1.169,13.282
-0.025,0.138,0.944,13.192
-0.023,0.133,0.580,13.440
-0.024,0.130,0.710,13.174
-0.022,0.126,0.630,13.393
-0.015,0.131,1.296,13.278
-0.015,0.129,1.227,13.610
-0.015,0.125,0.993,13.254
-0.013,0.124,0.751,12.946
-0.011,0.122,1.074,13.053
-0.010,0.115,0.887,13.205
-0.009,0.109,0.856,13.279
-0.012,0.112,1.029,13.067
-0.010,0.115,1.026,13.321
-0.013,0.119,0.948,13.512
-0.014,0.125,0.971,13.260
-0.019,0.122,0.792,12.963
-0.015,0.120,0.806,13.455
-0.020,0.122,0.911,13.503
-0.013,0.126,1.184,13.058
-0.012,0.123,0.530,13.049
-0.013,0.127,1.460,13.507
-0.013,0.125,0.770,13.686
-0.017,0.126,0.796,13.662
-0.015,0.121,1.156,12.778
-0.014,0.124,1.214,13.418
-0.017,0.122,1.082,13.232
-0.021,0.121,1.221,13.358
-0.026,0.120,0.940,13.345
-0.031,0.122,0.861,13.464
-0.032,0.124,1.145,13.291
-0.034,0.124,0.615,12.960
-0.034,0.125,0.624,13.199
-0.030,0.128,0.889,13.071
-0.035,0.130,0.745,12.929
-0.034,0.137,1.259,13.266
-0.037,0.143,1.178,13.320
-0.039,0.144,0.894,12.944
-0.042,0.148,0.950,13.522
-0.044,0.148,0.919,13.570
-0.046,0.146,0.814,13.487
-0.048,0.145,0.754,13.039
-0.047,0.150,1.177,13.313
-0.046,0.151,1.014,13.140
-0.048,0.157,0.905,13.366
-0.044,0.154,0.823,13.371
-0.044,0.151,0.552,13.516
-0.045,0.146,0.939,13.764
-0.045,0.150,0.839,13.093
-0.047,0.146,1.341,13.373
-0.046,0.145,1.131,13.331
-0.052,0.140,0.754,12.984
-0.055,0.138,1.080,13.331
-0.058,0.137,0.601,13.511
-0.060,0.139,0.912,13.197
-0.063,0.136,1.105,12.847
-0.067,0.139,1.174,13.586
-0.065,0.144,0.977,13.056
-0.060,0.147,0.890,13.299
-0.054,0.150,0.751,13.017
-0.052,0.150,1.056,13.258
-0.055,0.151,1.142,13.015
-0.054,0.149,0.722,13.489
-0.054,0.149,1.098,13.485
-0.053,0.153,0.873,12.940
-0.055,0.158,1.036,13.168
-0.058,0.156,0.611,13.184
-0.061,0.159,1.216,13.326
-0.085,0.169,0.393,13.720
-0.058,0.010,-1.314,14.234
-0.046,0.193,3.528,8.550
0.001,0.073,3.593,13.322
-0.024,0.090,-1.009,15.192
-0.032,0.148,0.184,14.107
-0.044,0.140,2.573,11.708
-0.047,0.137,0.705,12.273
-0.040,0.136,0.511,14.358
-0.056,0.158,1.147,12.646
-0.063,0.144,0.997,13.655
-0.064,0.157,1.468,12.959
-0.063,0.146,0.370,13.065
-0.065,0.155,0.705,13.284
-0.066,0.144,0.873,12.896
-0.071,0.145,1.669,12.980
-0.070,0.142,1.390,13.297
-0.073,0.154,0.633,13.084
-0.077,0.146,0.756,13.000
-0.077,0.146,1.170,13.121
-0.077,0.145,1.150,13.606
-0.075,0.149,0.597,13.242
-0.074,0.145,0.686,13.014
-0.072,0.146,0.947,12.897
-0.076,0.147,1.258,13.020
-0.077,0.151,1.541,13.318
-0.081,0.151,1.060,13.116
-0.081,0.148,0.930,13.013
-0.077,0.150,1.126,13.123
-0.077,0.150,1.319,12.898
-0.080,0.149,0.939,12.827
-0.081,0.149,1.192,13.414
-0.080,0.154,1.336,13.491
-0.082,0.163,0.948,13.455
-0.079,0.164,0.940,13.367
-0.083,0.162,0.933,13.410
-0.081,0.158,0.862,13.114
-0.087,0.158,1.212,13.053
-0.091,0.161,1.019,13.405
-0.091,0.162,1.279,13.496
-0.092,0.166,0.955,13.286
-0.090,0.166,1.118,13.726
-0.090,0.166,1.319,13.243
-0.089,0.163,1.346,13.212
-0.093,0.154,1.149,13.154
-0.093,0.156,1.356,13.047
-0.098,0.158,0.875,13.004
-0.097,0.158,0.911,13.231
-0.095,0.158,0.966,12.818
-0.097,0.148,0.923,13.051
-0.095,0.148,1.269,13.207
-0.098,0.154,1.057,13.205
-0.096,0.158,1.251,13.114
-0.097,0.163,0.677,13.323
-0.098,0.170,1.039,13.203
-0.099,0.169,0.931,12.912
-0.103,0.170,1.138,12.996
-0.108,0.164,1.437,13.278
-0.106,0.161,1.158,13.226
-0.105,0.159,0.950,13.247
-0.109,0.152,0.680,13.612
-0.109,0.155,1.434,13.155
-0.113,0.155,1.070,12.926
-0.111,0.157,0.918,13.481
-0.114,0.168,1.061,13.162
-0.112,0.175,1.342,12.982
-0.111,0.177,1.349,13.433
-0.109,0.172,1.119,12.977
-0.105,0.170,1.017,12.712
-0.112,0.171,1.041,13.010
-0.112,0.179,1.478,13.132
-0.114,0.175,1.258,13.226
-0.113,0.166,0.569,13.680
-0.116,0.167,1.122,13.271
-0.113,0.162,1.210,13.241
-0.113,0.159,1.407,13.592
-0.113,0.162,1.186,13.248
-0.107,0.162,1.010,13.106
-0.108,0.170,0.912,13.144
-0.113,0.165,1.010,13.287
-0.117,0.167,1.021,13.194
-0.119,0.163,1.310,13.320
-0.120,0.163,1.032,13.580
-0.122,0.162,0.739,13.387
-0.123,0.159,1.105,12.968
-0.125,0.159,1.341,13.073
-0.126,0.155,0.846,13.505
-0.126,0.154,1.016,13.336
-0.122,0.157,1.244,13.453
-0.122,0.155,1.002,12.756
-0.124,0.154,1.194,13.253
-0.120,0.156,0.724,13.090
-0.120,0.157,1.363,13.343
-0.120,0.157,1.026,12.941
-0.120,0.153,1.139,13.251
-0.123,0.155,1.124,13.228
-0.118,0.160,1.123,12.999
-0.118,0.165,1.090,13.200
-0.123,0.167,0.833,13.507
-0.124,0.166,1.305,13.001
-0.125,0.167,1.151,13.392
-0.129,0.165,1.115,13.183
-0.130,0.169,0.850,13.053
-0.137,0.171,1.078,13.023
-0.135,0.173,1.227,13.491
-0.137,0.176,0.966,13.228
-0.135,0.174,0.811,13.437
-0.130,0.174,1.339,12.878
-0.127,0.175,1.317,13.224
-0.129,0.177,0.884,13.351
-0.126,0.176,1.056,13.636
-0.125,0.174,1.323,13.187
-0.122,0.184,1.327,12.970
-0.123,0.186,1.072,13.089
-0.119,0.190,1.147,13.279
-0.116,0.188,0.877,13.196
-0.115,0.191,1.262,13.223
-0.111,0.188,0.918,13.346
-0.113,0.190,0.849,13.272
-0.111,0.189,1.100,12.954
-0.113,0.191,0.916,13.115
-0.114,0.197,0.945,12.978
-0.115,0.204,0.971,13.285
-0.115,0.205,1.144,12.949
-0.114,0.205,1.126,13.235
-0.116,0.208,1.029,13.525
-0.116,0.211,0.881,13.405
-0.116,0.213,0.957,13.442
-0.116,0.220,1.025,12.784
-0.119,0.219,1.097,13.292
-0.118,0.216,0.787,13.300
-0.118,0.219,1.156,13.257
-0.120,0.220,1.222,13.218
-0.124,0.224,1.018,12.849
-0.125,0.226,0.831,13.229
-0.127,0.227,1.163,13.379
-0.122,0.228,1.003,12.960
-0.121,0.231,1.356,13.197
-0.118,0.223,1.152,13.193
-0.117,0.222,1.294,12.880
-0.113,0.221,1.226,13.238
-0.113,0.223,1.052,13.082
-0.108,0.227,0.723,13.080
-0.103,0.224,1.186,13.225
-0.096,0.224,1.086,13.214
-0.086,0.222,1.420,13.174
-0.079,0.221,0.982,13.506
-0.069,0.213,0.421,13.101
-0.061,0.210,1.353,12.780
-0.054,0.205,1.085,13.374
-0.039,0.202,1.168,12.775
-0.045,0.215,0.982,12.924
-0.025,0.170,-0.629,13.908
-0.026,0.140,0.062,14.161
-0.036,0.166,1.164,12.686
-0.031,0.163,0.770,13.909
-0.027,0.148,0.910,13.008
-0.028,0.173,0.417,12.975
-0.031,0.165,1.111,13.294
-0.028,0.164,1.322,13.419
-0.028,0.162,1.212,13.128
-0.023,0.161,0.823,13.029
-0.022,0.160,1.067,12.776
-0.026,0.156,0.934,13.518
-0.025,0.156,0.871,13.024
-0.025,0.157,0.976,12.817
-0.023,0.158,1.259,13.240
-0.023,0.161,0.708,13.330
-0.021,0.160,0.421,13.138
-0.024,0.158,0.630,13.405
-0.026,0.165,0.872,13.333
-0.027,0.171,1.407,12.955
-0.028,0.166,0.531,13.357
-0.026,0.165,1.368,13.393
-0.024,0.168,0.852,13.141
-0.023,0.165,0.847,13.027
-0.014,0.161,0.635,13.201
-0.018,0.155,0.662,13.661
-0.020,0.157,0.946,13.142
-0.021,0.151,1.008,13.075
-0.022,0.151,0.867,13.879
-0.019,0.149,1.071,13.270
-0.022,0.152,1.010,13.815
-0.024,0.157,0.989,13.414
-0.419,0.596,29.435,15.300
-1.178,0.148,6.368,6.114
-1.702,-0.188,-15.795,7.558
-2.025,-0.104,-9.593,12.910
-2.009,-0.275,-12.025,11.809
-2.033,-0.126,2.739,13.885
-2.066,0.107,1.615,10.578
-2.055,-0.129,-1.504,12.161
-2.020,-0.194,-0.461,15.235
-1.971,-0.138,0.617,12.206
-1.852,-0.192,-0.810,13.298
-1.744,-0.154,-0.020,13.321
-1.594,-0.146,0.535,12.943
-1.428,-0.162,1.023,13.539
-1.260,-0.124,1.265,13.300
-1.103,-0.119,0.474,13.300
-0.971,-0.090,1.563,13.170
-0.850,-0.076,1.870,13.055
-0.761,-0.080,1.181,13.026
-0.695,-0.075,0.915,13.062
-0.632,-0.069,1.245,13.078
-0.546,-0.073,1.553,13.487
-0.499,-0.061,1.221,13.132
-0.483,-0.067,1.590,13.399
-0.488,-0.062,1.612,13.224
-0.466,-0.094,1.160,12.775
-0.413,-0.070,0.248,17.137
-0.275,-0.528,-4.105,13.753
-0.086,-1.171,-1.857,15.011
-0.348,-1.081,3.074,19.234
-0.686,-1.300,0.380,17.217
-1.115,-1.344,0.302,14.869
-1.553,-1.351,-3.519,14.872
-1.918,-1.427,-6.995,14.081
-2.188,-1.413,-8.705,13.747
-2.094,-1.385,-5.139,4.496
-2.151,0.624,10.203,19.332
-2.039,1.446,-8.642,6.616
-1.908,1.381,-8.837,14.586
-1.845,3.431,3.336,21.009
-1.778,4.966,7.605,9.183
-1.814,5.238,17.070,12.800
-1.889,5.172,2.583,16.232
-1.984,5.177,0.074,9.724
-2.060,5.170,-2.655,7.669
-2.087,5.185,-1.563,5.310
-2.139,5.314,2.754,9.468
-2.229,5.496,3.371,5.726
-2.274,5.575,-0.935,6.319
-2.358,5.802,4.494,7.019
-2.443,5.894,4.234,8.484
-2.568,6.172,-0.548,4.786
-2.646,6.322,-0.978,5.110
-2.695,6.482,1.728,5.320
-2.740,6.498,2.689,6.744
-2.759,6.527,0.471,5.515
-2.796,6.943,1.362,6.640
-2.820,7.140,1.974,4.543
-2.837,7.093,0.400,6.533
-2.864,7.337,2.554,6.061
-2.898,7.520,1.029,5.012
-2.925,7.534,-1.489,5.144
-2.949,7.613,0.692,3.903
-2.968,7.556,-1.855,4.404
-2.982,7.455,-0.144,5.419
-2.991,7.256,0.057,5.726
-2.962,6.904,-4.378,5.518
-2.867,6.491,-4.213,7.441
-2.724,6.110,2.065,7.477
-2.669,5.511,-6.126,4.245
-2.728,5.539,11.163,11.384
-2.789,5.534,2.204,8.946
-2.868,5.539,1.474,4.883
-2.876,5.518,-5.144,3.577
-2.864,5.531,-5.102,5.963
-2.870,5.553,0.135,8.460
-2.902,5.592,4.105,7.091
-2.902,5.579,7.594,8.757
-2.923,5.562,3.020,7.849
-2.964,5.516,3.759,10.116
-3.015,5.497,0.183,7.574
-3.117,5.753,-3.676,4.822
-3.215,6.045,-1.183,5.811
-3.409,6.582,1.518,8.838
-3.506,7.000,-0.035,6.061
-3.465,7.987,-0.952,4.758
-3.370,8.944,-4.196,0.917
-3.359,9.541,3.671,3.901
-3.296,10.345,-6.168,1.665
-3.325,11.157,0.165,2.243
-3.462,12.177,0.012,-2.353
-3.400,12.968,-0.051,0.363
-3.307,13.327,1.505,0.075
-3.220,13.864,2.692,-0.282
-3.214,14.903,-2.915,-4.808
-3.089,16.319,-2.579,-4.218
-3.049,18.215,-3.426,-5.223
-3.015,19.394,3.126,-6.600
-2.951,20.029,-0.231,-7.808
-2.911,20.502,1.520,-9.306
-2.855,21.331,3.704,-7.775
-2.952,22.309,-2.663,-10.139
-2.925,23.142,3.373,-11.323
-2.985,24.409,-2.926,-14.035
-3.036,25.731,0.511,-14.343
-3.061,27.185,3.681,-14.539
-3.175,28.960,0.116,-18.836
-3.272,30.815,2.543,-19.865
-3.395,32.867,4.241,-20.413
-3.667,34.974,5.935,-23.556
-3.916,37.241,1.476,-28.147
-4.064,39.493,0.728,-29.414
-4.246,41.801,0.738,-32.764
-4.373,43.933,0.722,-35.458
-4.437,46.000,0.203,-38.344
-4.587,48.003,1.981,-40.845
-4.742,49.780,2.670,-42.119
-4.825,51.428,3.801,-45.866
-4.827,53.017,4.063,-45.959
-4.730,54.501,-0.686,-42.847
-4.509,55.932,-0.956,-48.418
-4.179,57.405,3.425,-48.453
-3.723,59.004,0.049,-54.233
-3.455,60.610,-0.807,-54.632
-3.555,62.367,-1.399,-57.107
-3.811,64.173,0.322,-58.319
-3.974,66.082,2.962,-60.264
-3.967,68.101,3.510,-61.823
-3.678,70.051,4.570,-64.162
-3.378,72.031,0.533,-69.783
-3.410,73.837,1.692,-69.604
-3.356,75.660,3.974,-71.513
-3.433,77.279,3.930,-73.640
-3.425,78.848,7.235,-74.595
-3.371,80.247,4.794,-77.106
-3.306,81.409,7.527,-78.437
-3.213,82.557,9.292,-80.364
-3.160,83.499,8.813,-80.865
-3.021,84.381,14.185,-81.112
-2.859,85.135,14.013,-83.000
-2.825,85.882,14.078,-83.616
-2.955,86.570,19.768,-79.371
-2.877,87.278,17.245,-82.498
-2.796,88.010,21.099,-85.921
-2.708,88.722,25.792,-84.919
-2.517,89.472,40.208,-87.329
-2.555,90.098,70.970,-88.377
-2.668,90.676,45.000,-87.555
-2.813,91.185,62.010,-87.093
-2.839,91.634,83.660,-88.000
-2.710,92.043,85.580,-86.954
-2.878,92.285,125.818,-87.519
-2.783,92.604,78.119,-85.938
-2.462,93.035,74.191,-86.373
-2.074,93.451,130.703,-86.096
-1.724,93.621,144.391,-85.883
-1.421,93.378,134.316,-86.105
-1.170,92.632,121.512,-85.570
-1.709,93.043,-160.364,-87.501
-2.020,93.079,107.667,-87.188
-2.168,93.322,103.351,-88.560
-2.123,93.294,124.050,-87.839
-1.992,93.352,159.110,-88.067
-1.997,93.711,168.591,-87.398
-1.920,93.925,152.467,-87.117
-1.758,94.026,135.127,-87.630
-1.684,94.127,167.464,-86.899
-1.703,94.280,175.644,-86.061
-1.766,94.457,164.133,-86.596
-1.755,94.580,161.653,-86.994
-1.772,94.626,157.548,-86.754
-1.818,94.773,149.269,-86.866
-1.807,94.783,148.105,-87.348
-1.841,94.839,157.304,-86.789
-1.904,95.007,172.469,-85.361
-1.931,95.041,160.557,-86.034
-1.987,95.071,165.190,-86.048
-2.083,95.052,161.146,-86.172
-2.107,95.064,165.648,-86.889
-2.124,95.217,172.615,-85.577
-2.160,95.521,171.711,-86.196
-2.146,95.952,159.679,-87.149
-2.034,96.085,173.811,-85.388
-1.913,96.142,-178.406,-83.982
-1.853,96.059,-174.129,-84.559
-1.866,95.972,178.520,-84.389
-1.969,95.925,178.987,-85.196
-2.020,95.765,178.935,-85.421
-2.092,95.648,172.780,-86.952
-2.116,95.606,-178.549,-85.693
-2.109,95.784,174.022,-86.691
-2.023,96.046,-176.839,-85.570
-1.910,96.231,-171.652,-84.635
-1.851,96.306,177.719,-84.403
-1.817,96.380,179.868,-85.202
-1.759,96.521,166.674,-84.986
-1.596,96.681,168.269,-85.094
-1.471,96.957,168.239,-83.922
-1.387,97.137,171.412,-84.114
-1.313,97.223,170.435,-84.265
-1.320,97.153,175.425,-83.600
-1.348,97.053,177.341,-83.613
-1.384,96.865,-177.704,-83.916
-1.440,96.793,178.829,-85.055
-1.468,96.747,173.792,-85.336
-1.489,96.765,-177.156,-84.775
-1.528,96.783,-178.764,-84.248
-1.578,96.800,-178.495,-84.136
-1.662,96.812,-178.274,-84.447
-1.716,96.716,-179.317,-84.681
-1.717,96.533,-178.818,-84.790
-1.749,96.318,173.413,-84.861
-1.758,96.059,178.172,-84.465
-1.801,95.845,177.473,-85.027
-1.803,95.687,169.854,-86.066
-1.786,95.683,172.826,-86.173
-1.815,95.834,-179.361,-85.621
-1.808,95.923,171.990,-86.003
-1.748,95.947,-177.723,-85.025
-1.775,96.009,-179.462,-84.788
-1.768,96.050,178.884,-85.606
-1.733,96.085,178.914,-85.474
-1.686,96.074,175.341,-85.116
-1.648,96.208,179.298,-85.452
-1.580,96.253,176.808,-85.290
-1.565,96.276,176.455,-84.578
-1.570,96.292,174.928,-84.346
-1.629,96.270,176.927,-84.807
-1.689,96.270,-179.809,-84.393
-1.734,96.304,179.066,-85.684
-1.733,96.304,176.767,-85.290
-1.726,96.253,179.379,-84.880
-1.739,96.167,178.971,-85.227
-1.764,96.107,170.838,-85.462
-1.785,96.048,173.872,-84.445
-1.841,96.009,178.319,-85.074
-1.887,95.941,175.032,-85.618
-1.917,95.908,172.395,-86.069
-1.915,95.898,172.749,-86.013
-1.891,95.928,178.496,-85.042
-1.846,95.957,173.831,-85.306
-1.783,95.974,176.361,-85.120
-1.724,95.934,177.206,-84.887
-1.727,95.932,173.760,-85.786
-1.734,95.889,173.406,-85.360
-1.764,95.812,179.672,-85.454
-1.772,95.718,171.357,-85.785
-1.811,95.634,177.782,-85.074
-1.889,95.667,172.358,-85.511
-1.926,95.637,166.965,-85.197
-1.896,95.599,169.541,-86.153
-1.845,95.590,176.387,-86.029
-1.836,95.681,175.385,-85.593
-1.802,95.788,171.591,-85.241
-1.768,95.809,177.315,-85.610
-1.761,95.828,175.815,-84.970
-1.778,95.850,175.715,-85.672
-1.812,95.863,177.040,-85.730
-1.860,95.843,177.879,-85.717
-1.883,95.728,179.379,-84.849
-1.976,95.686,177.379,-85.194
-2.045,95.676,176.571,-85.569
-2.086,95.741,175.320,-86.383
-2.104,95.925,176.524,-85.635
-2.080,95.994,-176.740,-85.763
-2.037,95.890,-176.973,-85.428
-2.036,95.896,-176.898,-84.647
-2.049,95.934,-178.779,-84.917
-2.087,95.936,-175.829,-84.811
-2.099,95.860,-178.711,-85.203
-2.070,95.809,178.512,-85.549
-2.071,95.846,-178.377,-85.670
-2.087,95.868,-174.765,-85.214
-2.114,95.933,-177.448,-85.620
-2.135,95.930,-175.723,-85.118
-2.164,95.912,-179.742,-85.897
-2.232,95.885,-171.884,-85.755
-2.295,95.944,-174.396,-84.593
-2.331,95.994,175.677,-86.141
-2.286,95.969,-174.709,-85.618
-2.302,95.996,-168.909,-84.632
-2.318,95.971,-166.157,-85.424
-2.358,95.911,-170.715,-85.469
-2.380,95.764,-171.520,-86.070
-2.400,95.593,-168.277,-85.952
-2.399,95.498,-175.582,-86.653
-2.315,95.547,-175.121,-86.422
-2.217,95.627,-174.107,-86.607
-2.151,95.822,-165.608,-85.500
-2.116,95.899,-171.270,-84.984
-2.073,95.824,-165.131,-85.366
-2.034,95.778,-165.348,-84.951
-2.024,95.709,-162.557,-84.949
-2.062,95.622,-166.283,-84.584
-2.097,95.560,-169.084,-86.595
-2.097,95.609,-165.714,-86.046
-2.017,95.685,-172.909,-86.086
-2.072,95.971,-122.554,-69.683
-1.964,95.937,-176.072,-84.195
-1.836,96.082,-173.440,-85.196
-1.646,96.182,-174.285,-85.208
-1.548,96.453,178.439,-81.732
-1.425,96.529,-176.584,-83.868
-1.330,96.489,179.725,-84.604
-1.324,96.465,-176.643,-84.628
-1.389,96.368,176.828,-85.268
-1.546,96.283,-178.811,-84.858
-1.696,96.074,-172.904,-85.429
-1.870,95.890,179.161,-85.157
-2.036,95.765,-174.910,-85.893
-2.160,95.714,-176.829,-86.114
-2.271,95.725,-177.874,-86.680
-2.282,95.682,-173.930,-86.157
-2.293,95.704,-175.356,-85.746
-2.296,95.689,-179.064,-85.153
-2.331,95.737,-171.211,-85.889
-2.316,95.692,-175.833,-86.081
-2.330,95.655,-174.611,-85.865
-2.369,95.665,-175.036,-85.452
-2.395,95.751,-177.198,-86.279
-2.397,95.858,-171.176,-85.192
-2.415,95.823,-171.228,-85.627
-2.427,95.686,-175.136,-85.269
-2.499,95.654,-177.685,-85.837
-2.524,95.631,-175.382,-85.488
-2.515,95.668,-171.223,-86.288
-2.518,95.751,-175.704,-86.136
-2.457,95.785,-172.881,-85.891
-2.415,95.820,-176.829,-85.880
-2.422,95.883,-171.754,-85.308
-2.408,95.882,-175.018,-86.209
-2.416,95.883,-174.947,-85.911
-2.465,95.855,-179.440,-85.029
-2.514,95.768,-173.874,-86.475
-2.574,95.601,-177.942,-85.742
-2.671,95.498,-171.401,-85.469
-2.786,95.464,-174.816,-86.162
-2.836,95.430,-177.006,-86.512
-2.873,95.387,-170.797,-86.385
-2.965,95.318,-179.938,-86.583
-3.054,95.287,-172.791,-86.488
-3.131,95.367,-175.947,-86.774
-3.157,95.447,-172.443,-85.870
-3.140,95.533,-179.719,-86.178
-3.063,95.594,-177.151,-86.018
-2.986,95.603,-173.028,-85.653
-2.989,95.664,-169.723,-85.074
-3.013,95.659,-172.771,-86.191
-3.034,95.635,-173.008,-85.838
-3.094,95.670,-176.527,-86.293
-3.123,95.712,179.821,-86.425
-3.166,95.814,-178.660,-85.996
-3.197,95.923,-175.777,-85.894
-3.139,95.873,-176.084,-84.732
-3.130,95.809,-178.217,-85.113
-3.162,95.752,-172.244,-84.989
-3.196,95.719,-175.813,-85.058
-3.206,95.748,-170.038,-85.170
-3.150,95.738,-169.007,-86.300
-3.062,95.590,-171.747,-84.454
-3.059,95.602,-174.813,-84.815
-3.074,95.687,-176.545,-85.476
-3.075,95.783,178.381,-85.896
-3.058,95.882,-177.888,-85.087
-3.071,95.920,-177.796,-85.266
-3.135,96.051,-175.777,-85.905
-3.169,96.178,-176.545,-85.496
-3.190,96.244,-179.956,-85.152
-3.182,96.262,-176.495,-84.578
-3.215,96.209,-170.874,-85.127
-3.290,96.173,-175.500,-84.784
-3.374,96.151,-178.340,-85.229
-3.463,96.178,-169.542,-85.882
-3.510,96.259,178.288,-86.149
-3.478,96.325,-177.681,-85.133
-3.456,96.390,-176.586,-84.741
-3.490,96.406,-172.145,-84.089
-3.606,96.437,-173.677,-84.566
-3.722,96.406,-176.125,-84.896
-3.832,96.313,-177.072,-84.998
-3.910,96.269,-179.600,-85.189
-3.934,96.270,176.840,-85.764
-3.921,96.309,-177.789,-84.870
-3.900,96.361,-173.944,-85.035
-3.900,96.404,-176.524,-84.063
-3.933,96.423,-178.217,-85.092
-3.934,96.406,-178.299,-84.876
-3.922,96.337,-176.375,-84.782
-3.935,96.257,178.747,-84.694
-3.958,96.198,179.355,-85.044
-3.975,96.154,-176.355,-84.785
-4.011,96.131,-179.615,-85.031
-4.040,96.092,-178.985,-85.608
-4.050,96.043,177.649,-85.743
-4.051,96.033,-176.329,-85.021
-4.027,96.039,178.620,-85.830
-3.972,96.051,-177.049,-85.308
-3.956,96.106,-176.818,-84.848
-3.948,96.168,-174.132,-84.986
-3.951,96.227,-177.869,-85.121
-3.942,96.238,-175.317,-85.384
-3.950,96.253,-173.641,-84.966
-3.960,96.285,-173.843,-85.382
-3.976,96.289,-176.885,-85.833
-3.991,96.293,-176.455,-84.431
-4.012,96.296,-176.818,-84.541
-4.069,96.291,-174.959,-84.746
-4.074,96.201,-176.961,-85.768
-4.122,96.183,-173.567,-84.908
-4.167,96.170,-172.343,-85.244
-4.186,96.150,-179.072,-85.173
-4.188,96.066,-177.299,-85.159
-4.211,96.035,-176.579,-85.412
-4.246,96.028,-176.590,-85.470
-4.278,96.068,-174.621,-85.155
-4.296,96.123,-176.106,-84.674
-4.295,96.157,-178.330,-85.274
-4.323,96.123,178.956,-84.503
-4.379,96.041,-176.426,-84.484
-4.437,95.957,-178.639,-85.429
-4.477,95.877,-175.822,-85.252
-4.490,95.854,-176.107,-85.319
-4.506,95.867,-178.225,-86.042
-4.504,95.896,-172.906,-85.763
-4.522,95.904,-177.175,-85.074
-4.515,95.904,-178.707,-85.212
-4.503,95.888,-176.056,-85.398
-4.512,95.869,-178.758,-85.663
-4.508,95.854,-173.834,-85.644
-4.523,95.865,-175.543,-85.521
-4.542,95.872,-174.745,-85.602
-4.545,95.856,-171.978,-84.965
-4.575,95.858,-176.797,-85.375
-4.556,95.866,-175.299,-85.215
-4.565,95.861,-175.641,-85.063
-4.569,95.848,-174.159,-85.268
-4.574,95.850,-177.023,-85.655
-4.575,95.864,-178.487,-85.351
-4.568,95.899,-175.060,-85.287
-4.566,95.920,-172.436,-84.975
-4.615,95.906,178.699,-85.570
-4.672,95.848,-178.529,-85.232
-4.710,95.828,-178.619,-86.143
-4.730,95.785,179.171,-86.143
-4.755,95.752,-175.700,-85.384
-4.813,95.730,-173.796,-85.163
-4.877,95.733,-177.305,-86.096
-4.877,95.713,-173.724,-85.568
-4.893,95.727,-175.242,-86.536
-4.887,95.787,-178.923,-85.802
-4.880,95.817,-177.638,-85.208
-4.890,95.792,-177.028,-85.053
-4.928,95.759,-177.204,-85.341
-4.998,95.726,-171.694,-85.541
-5.088,95.675,-179.164,-85.651
-5.187,95.611,-173.316,-85.606
-5.266,95.602,-176.762,-85.701
-5.298,95.568,-175.762,-85.908
-5.308,95.547,179.616,-86.069
-5.279,95.586,-179.125,-85.845
-5.229,95.651,-178.104,-86.298
-5.182,95.723,-175.710,-85.752
-5.160,95.775,-173.386,-85.206
-5.152,95.802,-179.943,-86.253
-5.142,95.842,-173.795,-85.825
-5.091,95.882,-177.825,-85.611
-5.044,95.923,-176.344,-85.526
-5.021,95.956,-176.270,-84.920
-5.000,95.991,-168.973,-85.864
-5.004,95.986,-177.068,-85.272
-5.028,95.993,-177.310,-85.487
-5.031,96.039,-172.428,-85.553
-5.017,96.090,-178.584,-85.660
-5.018,96.131,-173.070,-85.537
-5.025,96.143,-177.417,-84.642
-5.049,96.117,-169.284,-85.497
-5.076,96.084,179.353,-85.079
-5.084,96.055,-176.204,-85.246
-5.091,96.023,-176.241,-85.367
-5.126,95.968,-174.745,-85.579
-5.186,95.907,-171.968,-85.697
-5.251,95.884,-175.790,-85.490
-5.294,95.881,-174.890,-84.947
-5.295,95.881,-178.840,-86.103
-5.275,95.894,-176.087,-85.098
-5.253,95.913,-170.380,-85.328
-5.233,95.974,-177.456,-85.564
-5.184,96.021,-176.973,-85.152
-5.159,96.031,-173.125,-85.270
-5.147,96.025,-174.870,-85.778
-5.165,96.045,-175.493,-85.782
-5.180,96.026,-178.381,-85.116
-5.197,96.018,-176.137,-85.972
-5.179,96.045,-173.704,-85.754
-5.149,96.077,-173.260,-85.534
-5.128,96.078,-173.043,-85.443
-5.112,96.041,-179.448,-84.997
-5.132,96.000,-176.554,-84.972
-5.136,95.990,-174.630,-85.835
-5.128,95.989,-175.769,-85.306
-5.110,95.985,-178.415,-85.021
-5.106,95.988,-174.686,-85.116
-5.128,95.977,-175.900,-84.729
-5.158,95.939,-173.240,-85.314
-5.150,95.910,-179.952,-85.526
-5.151,95.939,-173.161,-85.860
-5.117,96.007,-173.681,-85.618
-5.091,96.057,-173.810,-85.023
-5.090,96.063,-176.192,-85.036
-5.074,96.045,-172.701,-85.264
-5.063,96.058,-176.902,-85.504
-5.050,96.065,-174.570,-85.259
-5.064,96.064,-174.569,-84.632
-5.062,96.034,-175.520,-85.172
-5.058,96.018,-171.966,-85.582
-5.036,96.060,-174.017,-85.233
-5.002,96.163,-176.601,-85.441
-4.936,96.257,178.363,-84.955
-4.861,96.296,-178.537,-84.616
-4.843,96.346,-176.348,-84.549
-4.837,96.375,-177.641,-84.462
-4.865,96.391,-175.226,-84.764
-4.916,96.404,178.369,-85.410
-4.949,96.443,-178.241,-85.533
-4.940,96.489,-178.779,-85.619
-4.922,96.555,-174.301,-84.266
-4.931,96.611,-179.276,-84.986
-4.946,96.619,-179.641,-84.681
-4.983,96.575,-178.347,-84.727
-5.044,96.481,179.723,-84.645
-5.122,96.407,179.062,-84.768
-5.189,96.358,-176.762,-84.867
-5.234,96.351,-176.382,-85.179
-5.248,96.356,-178.415,-85.013
-5.249,96.365,-176.167,-85.469
-5.244,96.391,-175.865,-84.795
-5.235,96.414,-179.794,-84.818
-5.234,96.422,-175.888,-84.730
-5.248,96.427,179.869,-85.121
-5.268,96.441,-178.447,-84.904
-5.258,96.473,-179.959,-84.790
-5.250,96.497,178.482,-85.114
-5.269,96.479,179.582,-84.386
-5.280,96.448,-179.454,-84.929
-5.289,96.416,177.967,-84.660
-5.280,96.410,179.343,-85.131
-5.267,96.431,-178.757,-84.997
-5.268,96.459,-175.007,-84.817
-5.283,96.497,179.554,-84.759
-5.290,96.508,179.536,-84.941
-5.290,96.490,179.331,-85.194
-5.269,96.514,-179.959,-84.788
-5.258,96.556,-171.546,-84.591
-5.241,96.580,-179.207,-84.359
-5.261,96.584,-176.480,-84.103
-5.289,96.560,-178.658,-84.792
-5.305,96.517,179.875,-84.912
-5.291,96.469,177.816,-85.069
-5.268,96.450,-176.738,-85.200
-5.239,96.451,-179.415,-85.278
-5.252,96.452,-177.825,-84.409
-5.266,96.443,175.487,-85.150
-5.297,96.420,-177.709,-84.691
-5.291,96.423,178.766,-85.351
-5.291,96.414,178.520,-84.386
-5.301,96.422,-178.299,-84.829
-5.321,96.415,-179.367,-85.628
-5.342,96.411,-178.245,-84.507
-5.354,96.408,179.158,-85.213
-5.356,96.434,-174.686,-85.139
-5.362,96.467,176.895,-85.133
-5.359,96.472,179.870,-85.095
-5.375,96.478,-179.606,-85.141
-5.397,96.470,-178.515,-85.272
-5.421,96.466,176.650,-85.468
-5.428,96.474,-176.129,-85.527
-5.395,96.531,-178.762,-85.712
-5.368,96.589,178.420,-85.302
-5.350,96.602,-176.743,-84.958
-5.356,96.595,177.526,-85.258
-5.368,96.594,-179.113,-84.932
-5.388,96.590,-179.167,-84.593
-5.407,96.572,-178.765,-85.002
-5.404,96.572,178.899,-85.518
-5.398,96.565,178.527,-84.920
-5.392,96.553,-178.438,-84.962
-5.407,96.528,176.956,-84.139
-5.443,96.513,-179.482,-84.666
-5.455,96.488,178.625,-85.818
-5.463,96.464,178.840,-85.048
-5.469,96.448,-177.346,-86.025
-5.479,96.432,-179.464,-84.845
-5.477,96.421,177.817,-85.395
-5.477,96.408,178.863,-84.921
-5.456,96.420,-177.113,-85.232
-5.453,96.431,179.872,-85.006
-5.446,96.451,-173.477,-84.872
-5.431,96.498,-178.139,-84.858
-5.442,96.526,-177.034,-84.757
-5.448,96.524,-178.868,-85.264
-5.434,96.557,-177.729,-84.639
-5.416,96.602,-179.793,-84.860
-5.415,96.605,-178.374,-84.089
-5.448,96.568,-177.609,-84.594
-5.495,96.523,-177.739,-85.356
-5.508,96.487,-178.935,-84.977
-5.529,96.477,179.865,-85.273
-5.531,96.487,-178.132,-85.312
-5.551,96.519,175.785,-85.204
-5.633,96.504,-175.152,-84.344
-5.650,96.514,174.916,-86.561
-5.662,96.497,-179.618,-84.981
-5.659,96.465,-179.587,-85.338
-5.647,96.462,-176.602,-85.187
-5.640,96.455,178.612,-84.623
-5.637,96.452,-177.380,-85.048
-5.627,96.440,-179.443,-85.021
-5.632,96.418,-177.978,-84.420
-5.624,96.394,-177.374,-84.758
-5.612,96.374,179.000,-85.104
-5.596,96.372,173.965,-85.211
-5.575,96.359,175.210,-85.291
-5.542,96.329,173.543,-84.728
-5.517,96.326,179.702,-84.941
-5.541,96.368,-177.934,-84.511
-5.567,96.359,-178.670,-84.724
-5.591,96.371,-178.014,-84.757
-5.587,96.398,179.862,-85.416
-5.572,96.428,-175.551,-84.740
-5.580,96.458,-176.447,-84.955
-5.590,96.433,-179.202,-85.466
-5.583,96.405,-176.890,-84.690
-5.576,96.410,179.544,-84.868
-5.564,96.428,-178.037,-85.118
-5.569,96.420,178.329,-85.037
-5.581,96.396,-175.428,-85.118
-5.575,96.358,178.555,-85.402
-5.550,96.370,179.318,-85.286
-5.536,96.421,178.707,-84.909
-5.552,96.477,-177.089,-84.971
-5.567,96.503,175.411,-85.032
-5.572,96.505,-178.913,-85.106
-5.581,96.505,-175.911,-85.125
-5.583,96.489,179.864,-85.312
-5.607,96.471,-178.932,-84.985
-5.607,96.463,179.203,-84.937
-5.606,96.468,178.840,-85.033
-5.609,96.464,-178.666,-85.360
-5.613,96.432,179.530,-84.980
-5.643,96.403,-178.963,-84.896
-5.653,96.372,179.873,-84.988
-5.662,96.356,-179.635,-84.763
-5.672,96.345,-175.925,-85.581
-5.670,96.345,178.329,-85.015
-5.686,96.304,179.032,-84.933
-5.715,96.274,-178.228,-85.033
-5.721,96.275,-174.690,-84.969
-5.725,96.285,-179.441,-85.044
-5.736,96.270,-178.171,-84.744
-5.770,96.232,177.595,-84.757
-5.792,96.203,-178.791,-85.578
-5.815,96.187,-175.161,-85.544
-5.845,96.207,-178.819,-85.490
-5.858,96.196,-178.513,-85.837
-5.852,96.185,176.895,-85.126
-5.869,96.182,-176.250,-85.199
-5.883,96.168,-178.343,-85.774
-5.879,96.152,-178.754,-85.053
-5.887,96.133,-177.994,-85.180
-5.903,96.099,-179.258,-85.134
-5.907,96.070,-178.808,-85.521
-5.907,96.072,178.945,-85.350
-5.913,96.081,-175.497,-85.620
-5.912,96.108,179.012,-85.042
-5.917,96.096,-177.856,-85.139
-5.927,96.054,-174.357,-85.272
-5.944,96.007,179.662,-85.616
-5.983,95.949,-177.757,-84.958
-6.097,95.815,-177.776,-84.926
-6.213,95.744,-179.049,-85.283
-6.378,95.649,177.328,-85.908
-6.542,95.611,176.701,-85.960
-6.630,95.601,174.689,-86.046
-6.614,95.597,175.022,-86.797
-6.553,95.634,178.249,-85.723
-6.483,95.694,-175.461,-85.814
-6.435,95.705,-178.497,-85.850
-6.397,95.730,-176.634,-85.617
-6.359,95.755,-178.919,-85.859
-6.354,95.717,179.679,-85.329
-6.363,95.693,175.192,-85.608
-6.368,95.677,-178.083,-85.427
-6.378,95.658,-175.753,-86.113
-6.401,95.633,-178.081,-86.297
-6.441,95.611,-179.316,-85.915
-6.448,95.601,173.784,-86.607
-6.447,95.601,-175.715,-85.977
-6.446,95.607,179.621,-86.060
-6.431,95.643,177.811,-85.788
-6.413,95.666,-177.246,-85.583
-6.378,95.694,-177.795,-86.044
-6.341,95.731,-179.125,-85.835
-6.330,95.761,175.825,-85.768
-6.330,95.762,-175.719,-85.581
-6.329,95.741,-176.451,-85.561
-6.333,95.740,-179.208,-85.434
-6.316,95.741,-179.702,-86.402
-6.326,95.729,179.114,-85.434
-6.338,95.733,-179.394,-85.405
-6.333,95.758,-176.609,-85.890
-6.325,95.765,178.585,-85.952
-6.306,95.803,175.735,-85.835
-6.270,95.815,177.295,-85.347
-6.269,95.795,-179.184,-85.559
-6.282,95.796,-176.817,-85.632
-6.300,95.778,-175.206,-85.857
-6.306,95.776,-177.676,-85.881
-6.314,95.759,-177.541,-85.740
-6.290,95.791,-178.723,-85.123
-6.274,95.840,-179.575,-85.502
-6.260,95.849,-177.157,-85.127
-6.270,95.840,-175.925,-85.536
-6.263,95.876,-179.369,-85.609
-6.234,95.923,177.817,-85.421
-6.190,95.968,-177.676,-85.865
-6.165,95.991,-178.112,-84.935
-6.163,96.012,-177.875,-85.478
-6.172,96.000,-178.674,-85.339
-6.193,95.966,-176.126,-85.766
-6.219,95.944,-177.823,-85.212
-6.246,95.926,174.005,-86.048
-6.241,95.911,179.653,-85.720
-6.249,95.859,178.363,-84.918
-6.261,95.855,-179.149,-85.704
-6.234,95.870,176.617,-85.482
-6.215,95.886,178.459,-85.140
-6.204,95.905,179.540,-84.917
-6.198,95.888,178.681,-85.636
-6.206,95.868,-178.842,-85.378
-6.221,95.856,175.732,-86.248
-6.234,95.878,177.867,-84.916
-6.229,95.907,179.848,-85.799
-6.225,95.934,178.320,-85.563
-6.230,95.927,178.130,-85.119
-6.232,95.904,179.451,-85.737
-6.236,95.895,178.449,-85.722
-6.241,95.877,178.600,-85.907
-6.248,95.893,179.642,-85.821
-6.258,95.894,-176.545,-85.484
-6.259,95.898,179.451,-85.702
-6.271,95.902,176.338,-85.118
-6.307,95.871,178.022,-85.343
-6.317,95.862,-178.025,-85.989
-6.321,95.834,177.741,-85.186
-6.327,95.817,-179.951,-85.663
-6.325,95.833,175.685,-85.680
-6.341,95.815,-178.332,-85.792
-6.346,95.787,174.263,-85.992
-6.351,95.794,-179.554,-85.666
-6.344,95.800,-177.049,-85.336
-6.318,95.817,178.804,-85.224
-6.317,95.814,177.644,-85.054
-6.335,95.795,179.257,-85.683
-6.353,95.768,-178.410,-86.123
-6.380,95.734,-179.287,-86.084
-6.382,95.734,175.204,-86.112
-6.375,95.764,173.467,-85.832
-6.352,95.795,-177.840,-85.559
-6.355,95.786,-176.741,-86.274
-6.374,95.761,-178.320,-85.801
-6.386,95.763,177.679,-86.036
-6.380,95.773,177.414,-85.795
-6.370,95.767,175.927,-86.240
-6.348,95.741,172.712,-86.240
-6.349,95.718,173.850,-86.228
-6.375,95.682,-178.838,-85.404
-6.376,95.678,177.529,-85.946
-6.378,95.662,177.269,-85.665
-6.369,95.680,-179.314,-85.965
-6.367,95.686,-179.256,-85.078
-6.376,95.705,-179.952,-85.579
-6.378,95.694,176.944,-85.899
-6.383,95.682,179.072,-85.613
-6.385,95.679,179.225,-85.885
-6.408,95.668,178.224,-85.789
-6.437,95.660,-178.168,-85.662
-6.480,95.619,-179.761,-85.556
-6.524,95.578,-179.738,-85.917
-6.575,95.530,178.913,-86.272
-6.603,95.498,176.876,-85.980
-6.585,95.488,173.068,-86.570
-6.547,95.503,-175.585,-86.099
-6.528,95.516,-176.390,-85.678
-6.537,95.534,-177.164,-86.327
-6.571,95.545,-169.808,-84.727
-6.593,95.548,-175.656,-86.384
-6.607,95.540,-179.761,-85.538
-6.586,95.560,179.628,-85.987
-6.583,95.591,-177.724,-85.403
-6.605,95.612,179.634,-85.898
-6.640,95.596,-176.881,-85.538
-6.666,95.577,-177.424,-85.909
-6.699,95.548,-177.170,-85.700
-6.757,95.547,-179.948,-85.870
-6.768,95.529,176.640,-85.998
-6.804,95.489,179.470,-85.589
-6.856,95.445,177.372,-86.513
-6.892,95.418,179.138,-86.265
-6.908,95.400,175.592,-86.528
-6.918,95.393,179.325,-86.517
-6.909,95.385,-177.898,-85.844
-6.925,95.352,176.580,-85.822
-6.951,95.320,179.395,-86.136
-6.980,95.305,-177.660,-85.859
-6.989,95.313,-179.940,-86.429
-6.970,95.334,179.846,-85.848
-6.956,95.365,-171.344,-86.194
-6.923,95.406,-172.940,-86.334
-6.882,95.443,-177.208,-85.636
-6.864,95.454,-177.057,-86.439
-6.837,95.474,-178.564,-86.260
-6.820,95.488,-177.532,-85.768
-6.821,95.508,-174.472,-85.943
-6.831,95.513,178.808,-85.884
-6.827,95.521,-175.428,-85.806
-6.821,95.548,-175.530,-86.322
-6.778,95.590,-179.938,-86.543
-6.739,95.631,-176.465,-85.832
-6.739,95.658,179.846,-85.836
-6.766,95.684,-177.724,-85.428
-6.775,95.691,178.790,-85.964
-6.753,95.705,-179.948,-85.937
-6.738,95.688,179.677,-85.388
-6.765,95.664,-178.199,-85.585
-6.800,95.618,179.658,-85.604
-6.845,95.575,-178.675,-85.996
-6.885,95.532,176.944,-85.877
-6.893,95.533,-179.215,-86.486
-6.884,95.550,-178.404,-86.117
-6.859,95.592,-176.454,-86.062
-6.849,95.606,-179.371,-85.615
-6.859,95.614,-176.361,-85.959
-6.868,95.619,176.829,-86.031
-6.880,95.620,-174.032,-85.943
-6.895,95.606,-175.788,-85.055
-6.916,95.589,-179.331,-85.885
-6.919,95.584,-179.316,-85.960
-6.918,95.594,-179.287,-86.106
-6.904,95.641,-179.282,-86.114
-6.875,95.680,177.829,-86.188
-6.852,95.697,-177.359,-85.691
-6.862,95.683,-177.935,-85.764
-6.878,95.655,177.376,-85.841
-6.882,95.630,-177.274,-85.844
-6.884,95.619,-178.748,-86.399
-6.884,95.601,-178.639,-85.428
-6.893,95.596,-176.527,-85.763
-6.906,95.603,-176.993,-86.212
-6.917,95.599,-178.177,-86.141
-6.944,95.573,179.593,-86.334
-6.947,95.550,178.307,-86.082
-6.958,95.539,-177.189,-85.643
-6.959,95.529,-174.427,-85.801
-6.969,95.489,-177.416,-86.294
-6.997,95.462,-177.970,-85.676
-7.018,95.442,178.240,-86.219
-7.037,95.442,-179.470,-86.367
-7.011,95.471,-179.493,-86.200
-6.979,95.504,-170.983,-85.989
-6.981,95.504,-178.416,-85.522
-6.990,95.488,178.518,-86.672
-6.985,95.507,-174.994,-85.680
-6.973,95.536,176.412,-86.497
-6.965,95.551,-177.052,-86.158
-6.977,95.539,-175.302,-85.410
-6.985,95.512,177.775,-86.666
-6.989,95.506,-177.405,-85.991
-6.987,95.493,178.393,-85.863
-7.001,95.512,-176.914,-86.623
-6.995,95.520,-178.326,-85.807
-6.982,95.531,179.395,-86.121
-6.980,95.535,178.503,-86.140
-6.995,95.523,178.635,-85.787
-7.006,95.504,175.710,-86.056
-7.002,95.507,-178.522,-86.376
-6.988,95.517,-179.256,-86.294
-6.976,95.513,-172.662,-85.653
-6.991,95.511,179.036,-85.763
-7.000,95.504,177.616,-86.140
-7.007,95.530,176.068,-86.115
-6.991,95.553,-178.367,-86.212
-6.984,95.559,175.951,-85.427
-6.991,95.547,-178.205,-86.063
-7.002,95.527,178.507,-85.562
-7.020,95.496,-178.404,-86.660
-7.030,95.475,179.818,-86.453
-7.016,95.490,173.274,-86.204
-6.998,95.507,-178.475,-85.936
-7.008,95.528,-177.957,-86.126
-7.013,95.529,-178.890,-86.741
-7.020,95.515,178.097,-86.512
-7.021,95.533,-178.771,-85.669
-7.000,95.562,177.060,-86.287
-7.000,95.559,173.766,-86.857
-7.011,95.549,-176.758,-86.000
-7.008,95.546,177.846,-86.131
-7.018,95.541,-179.057,-86.166
-7.005,95.556,175.896,-85.889
-6.990,95.571,-176.587,-85.697
-6.995,95.583,-177.456,-86.184
-7.001,95.585,-179.736,-85.989
-6.982,95.603,176.724,-86.421
-6.954,95.629,179.100,-85.488
-6.947,95.642,-178.794,-84.881
-6.940,95.643,-177.186,-85.374
-6.942,95.633,-179.761,-85.534
-6.939,95.639,-179.946,-85.989
-6.902,95.648,-175.699,-85.981
-6.898,95.652,-178.258,-85.964
-6.928,95.655,178.704,-86.208
-6.950,95.647,178.997,-85.947
-6.964,95.630,179.650,-85.743
-6.958,95.615,-178.911,-85.898
-6.926,95.641,178.115,-85.601
-6.931,95.632,175.546,-85.860
-6.941,95.602,-175.241,-85.981
-6.959,95.579,-176.878,-86.051
-6.979,95.567,179.636,-85.894
-6.976,95.570,176.864,-85.989
-6.959,95.580,-178.709,-85.860
-6.947,95.590,179.647,-85.784
-6.952,95.572,-177.319,-86.379
-6.969,95.527,-178.469,-85.939
-6.961,95.493,-178.835,-86.157
-6.959,95.489,-179.948,-85.863
-6.959,95.516,-176.329,-86.215
-6.956,95.528,175.610,-86.174
-6.944,95.530,-177.779,-86.057
-6.944,95.547,-176.860,-85.574
-6.945,95.556,178.867,-86.417
-6.944,95.547,-172.828,-86.022
-6.961,95.527,178.689,-86.267
-6.978,95.513,-179.250,-86.299
-6.970,95.524,-178.296,-85.874
-6.955,95.558,-177.395,-85.992
-6.935,95.579,178.145,-86.429
-6.930,95.570,-177.547,-85.393
-6.951,95.553,-178.386,-86.121
-6.982,95.543,176.516,-86.397
-6.981,95.532,170.413,-86.358
-6.970,95.525,-179.941,-86.385
-6.962,95.543,176.910,-85.941
-6.971,95.563,-178.685,-85.977
-6.981,95.563,179.450,-85.745
-6.996,95.546,-177.047,-85.859
-7.003,95.530,-178.665,-85.994
-6.997,95.540,175.715,-86.247
-6.993,95.538,-179.766,-85.427
-7.011,95.523,-179.112,-85.897
-7.034,95.497,-177.239,-86.516
-7.049,95.484,179.004,-85.917
-7.070,95.480,-177.341,-86.370
-7.057,95.513,179.141,-86.250
-7.035,95.531,-179.279,-86.180
-7.042,95.514,-177.466,-86.194
-7.061,95.488,179.395,-86.134
-7.079,95.483,173.528,-86.053
-7.088,95.494,175.685,-86.472
-7.075,95.497,-177.303,-85.783
-7.076,95.484,-177.553,-86.085
-7.082,95.505,-179.350,-85.711
-7.067,95.524,176.677,-85.954
-7.053,95.546,-179.725,-86.124
-7.056,95.572,178.704,-86.214
-7.049,95.571,177.778,-86.243
-7.051,95.558,-178.875,-86.006
-7.054,95.556,-173.822,-86.467
-7.055,95.581,178.294,-86.100
-7.033,95.604,173.396,-85.886
-7.016,95.612,175.881,-85.898
-7.026,95.608,-176.609,-85.909
-7.040,95.607,-179.015,-86.285
-7.048,95.598,-178.614,-86.128
-7.046,95.606,-178.156,-85.719
-7.037,95.613,-173.829,-85.536
-7.039,95.606,178.029,-85.795
-7.052,95.611,174.517,-85.940
-7.069,95.608,-179.333,-85.819
-7.084,95.599,172.758,-86.600
-7.061,95.621,174.916,-86.513
-7.040,95.642,-176.098,-85.802
-7.049,95.610,-175.336,-85.591
-7.063,95.600,-178.104,-86.266
-7.088,95.565,174.675,-85.837
-7.105,95.554,-176.299,-86.240
-7.090,95.578,175.592,-86.531
-7.069,95.598,-178.116,-85.816
-7.066,95.599,177.181,-85.795
-7.076,95.577,-175.222,-86.165
-7.105,95.560,176.441,-86.233
-7.095,95.561,-175.569,-85.888
-7.089,95.584,-174.682,-85.934
-7.088,95.578,179.648,-85.742
-7.100,95.552,-178.463,-85.976
-7.088,95.548,-179.485,-86.251
-7.076,95.542,177.095,-86.240
-7.075,95.541,175.334,-86.206
-7.081,95.535,179.236,-85.812
-7.086,95.541,-179.940,-86.416
-7.083,95.546,178.449,-86.269
-7.075,95.556,178.461,-86.244
-7.067,95.578,-175.653,-86.236
-7.056,95.586,-177.119,-86.083
-7.066,95.582,176.246,-86.171
-7.076,95.595,179.049,-85.707
-7.090,95.603,176.201,-86.240
-7.086,95.600,-178.764,-86.383
-7.064,95.590,-174.573,-86.197
-7.043,95.593,-177.515,-86.101
-7.028,95.598,179.178,-86.062
-7.044,95.600,-178.271,-85.892
-7.077,95.577,-176.972,-85.697
-7.100,95.569,177.733,-86.317
-7.078,95.587,-175.928,-86.618
-7.055,95.585,-174.581,-85.706
-7.067,95.556,-178.399,-85.606
-7.087,95.512,-177.395,-85.666
-7.111,95.477,178.103,-86.056
-7.111,95.485,-178.345,-86.762
-7.088,95.523,178.514,-86.105
-7.070,95.558,-174.020,-85.845
-7.073,95.546,-179.949,-85.806
-7.083,95.518,178.067,-86.135
-7.087,95.523,178.067,-86.133
-7.086,95.525,-178.271,-85.931
-7.091,95.500,-177.172,-86.014
-7.097,95.486,179.829,-86.216
-7.086,95.503,-179.945,-86.085
-7.071,95.527,-176.672,-86.101
-7.065,95.529,-174.446,-85.796
-7.068,95.513,175.925,-85.644
-7.070,95.516,-174.495,-86.388
-7.076,95.523,-177.074,-86.122
-7.078,95.517,-179.102,-85.953
-7.072,95.540,175.799,-86.200
-7.050,95.578,179.355,-86.378
-7.029,95.598,177.248,-86.058
-7.034,95.593,-176.193,-85.902
-7.056,95.558,177.635,-86.122
-7.073,95.532,177.231,-85.733
-7.077,95.543,-177.597,-86.364
-7.062,95.543,179.094,-86.477
-7.080,95.521,-174.458,-86.122
-7.104,95.506,-177.810,-85.594
-7.133,95.478,-173.280,-86.258
-7.134,95.480,-175.973,-86.107
-7.117,95.488,-178.459,-86.530
-7.117,95.487,178.934,-86.204
-7.131,95.462,-178.815,-85.474
-7.160,95.436,176.793,-86.068
-7.172,95.397,-178.796,-86.984
-7.167,95.412,-178.764,-86.366
-7.159,95.455,178.895,-86.329
-7.143,95.505,-179.268,-86.166
-7.145,95.511,179.621,-86.069
-7.161,95.489,-179.944,-86.203
-7.177,95.447,-177.172,-85.995
-7.178,95.458,-179.114,-86.867
-7.159,95.480,-179.306,-86.016
-7.147,95.483,-177.303,-85.813
-7.150,95.469,-173.412,-86.202
-7.161,95.444,-179.466,-86.408
-7.174,95.420,-179.268,-86.221
-7.180,95.398,177.268,-86.344
-7.175,95.379,-176.648,-86.593
-7.173,95.375,179.610,-86.178
-7.158,95.393,-176.334,-85.965
-7.148,95.416,-179.326,-85.885
-7.144,95.430,-175.154,-85.897
-7.156,95.413,-177.974,-86.501
-7.174,95.413,-175.420,-86.037
-7.176,95.392,-177.274,-86.475
-7.150,95.377,179.843,-85.915
-7.161,95.379,-171.917,-86.144
-7.176,95.383,-173.247,-86.800
-7.182,95.386,179.106,-86.396
-7.164,95.408,-179.057,-86.134
-7.124,95.437,177.077,-85.981
-7.108,95.455,-179.082,-86.036
-7.106,95.464,179.828,-86.266
-7.126,95.427,-174.218,-86.118
-7.150,95.402,-176.806,-85.904
-7.146,95.416,-176.619,-86.641
-7.133,95.478,-177.341,-86.368
-7.104,95.531,-173.542,-85.992
-7.078,95.573,-173.504,-85.736
-7.061,95.563,-178.289,-85.874
-7.085,95.521,-177.214,-85.922
-7.121,95.500,179.838,-86.030
-7.130,95.476,-171.493,-86.970
-7.121,95.464,-172.777,-85.923
-7.121,95.458,-179.247,-86.306
-7.130,95.460,-175.437,-86.018
-7.132,95.448,-178.558,-86.283
-7.124,95.437,-173.376,-86.347
-7.138,95.447,-176.993,-86.225
-7.118,95.473,-175.692,-86.393
-7.107,95.478,178.553,-86.001
-7.098,95.480,-175.513,-85.561
-7.107,95.479,-174.597,-86.455
-7.115,95.469,179.848,-85.808
-7.113,95.440,174.379,-85.471
-7.115,95.435,174.504,-86.142
-7.114,95.431,-179.152,-85.707
-7.104,95.424,-179.942,-86.324
-7.109,95.421,-178.853,-86.083
-7.125,95.403,177.989,-86.264
-7.121,95.417,179.516,-86.905
-7.100,95.432,-178.670,-85.985
-7.102,95.421,-178.661,-85.366
-7.126,95.394,179.294,-85.452
-7.151,95.374,-176.028,-85.846
-7.170,95.348,-175.545,-86.478
-7.178,95.344,177.510,-86.294
-7.156,95.360,-175.068,-86.306
-7.146,95.366,-175.305,-85.603
-7.164,95.381,-176.478,-85.813
-7.177,95.371,-176.817,-86.160
-7.167,95.375,177.218,-86.683
-7.168,95.372,177.723,-86.317
-7.169,95.368,-177.655,-86.262
-7.155,95.384,-176.678,-86.569
-7.140,95.426,-177.089,-85.811
-7.136,95.438,-176.322,-86.455
-7.151,95.439,-175.482,-86.135
-7.168,95.423,-177.417,-86.606
-7.174,95.421,174.453,-86.458
-7.159,95.439,174.040,-86.186
-7.144,95.463,-177.013,-85.651
-7.145,95.475,174.067,-85.702
-7.153,95.452,-179.708,-86.363
-7.169,95.433,178.531,-86.652
-7.162,95.438,176.615,-86.026
-7.159,95.445,-176.572,-85.946
-7.155,95.444,174.485,-86.629
-7.156,95.469,178.640,-85.739
-7.164,95.473,179.174,-86.099
-7.175,95.461,-175.222,-86.191
-7.173,95.473,177.714,-86.341
-7.168,95.493,-176.932,-86.297
-7.159,95.484,174.241,-86.030
-7.166,95.485,178.739,-86.122
-7.191,95.462,-177.093,-86.432
-7.199,95.447,176.077,-86.369
-7.193,95.456,-177.567,-86.399
-7.155,95.484,178.370,-86.458
-7.149,95.501,-175.710,-85.745
-7.155,95.495,178.770,-86.697
-7.163,95.501,176.006,-86.186
-7.177,95.499,-176.735,-86.505
-7.169,95.521,179.615,-86.116
-7.146,95.562,-178.549,-85.727
-7.151,95.568,-173.281,-86.015
-7.161,95.580,-179.424,-85.197
-7.167,95.565,-175.808,-85.849
-7.163,95.548,176.738,-86.408
-7.175,95.542,-178.434,-86.023
-7.190,95.546,177.257,-86.322
-7.189,95.539,-179.225,-86.407
-7.174,95.552,177.886,-85.644
-7.172,95.561,178.351,-85.986
-7.180,95.553,-175.274,-85.823
-7.199,95.535,-177.745,-86.082
-7.208,95.538,179.836,-86.083
-7.190,95.539,176.751,-86.390
-7.188,95.526,-178.685,-85.935
-7.189,95.524,-176.451,-85.613
-7.199,95.523,179.658,-85.607
-7.220,95.543,-177.700,-86.187
-7.225,95.559,-179.709,-86.348
-7.206,95.565,179.832,-86.192
-7.206,95.565,-177.486,-86.215
-7.204,95.557,-177.534,-86.091
-7.206,95.540,-179.250,-86.296
-7.231,95.528,-177.336,-86.076
-7.233,95.541,177.344,-86.234
-7.216,95.568,179.838,-86.030
-7.196,95.606,-176.049,-86.072
-7.174,95.616,174.239,-86.188
-7.187,95.637,-179.733,-85.991
-7.200,95.634,179.619,-86.066
-7.206,95.635,178.833,-86.552
-7.213,95.634,178.175,-86.350
-7.190,95.655,177.459,-86.359
-7.167,95.677,-169.203,-86.032
-7.170,95.683,178.237,-85.731
-7.182,95.673,-179.293,-86.086
-7.189,95.650,-178.831,-86.154
-7.204,95.643,-178.058,-86.371
-7.211,95.632,-174.665,-86.436
-7.193,95.648,179.258,-86.846
-7.173,95.674,176.586,-86.322
-7.167,95.681,-177.058,-85.876
-7.187,95.647,-179.085,-86.024
-7.211,95.620,-178.720,-87.147
-7.232,95.584,-177.636,-86.300
-7.241,95.552,-179.939,-86.527
-7.223,95.551,-175.636,-86.238
-7.230,95.564,177.979,-85.887
-7.256,95.556,178.993,-85.935
-7.274,95.529,-179.487,-86.248
-7.287,95.529,173.104,-86.181
-7.272,95.541,179.370,-86.295
-7.254,95.556,-176.427,-85.633
-7.245,95.552,178.863,-86.444
-7.248,95.537,177.259,-85.717
-7.271,95.524,-177.957,-86.125
-7.270,95.526,176.231,-86.190
-7.272,95.539,-176.648,-86.641
-7.256,95.594,178.072,-86.552
-7.224,95.608,-179.521,-85.981
-7.222,95.630,179.368,-86.269
-7.225,95.636,-177.374,-86.330
-7.230,95.640,179.208,-85.980
-7.242,95.636,-176.863,-85.856
-7.241,95.636,-178.119,-86.246
-7.225,95.670,-176.207,-85.864
-7.210,95.685,-177.608,-85.627
-7.237,95.664,176.492,-85.926
-7.226,95.656,-179.688,-86.593
-7.229,95.648,175.033,-86.228
-7.232,95.648,179.193,-86.002
-7.219,95.668,178.381,-85.919
-7.206,95.679,-177.315,-86.132
-7.194,95.700,-179.481,-86.286
-7.192,95.676,-178.033,-86.418
-7.192,95.660,-178.127,-86.229
-7.199,95.659,175.416,-85.945
-7.216,95.669,-179.941,-86.369
-7.218,95.672,-177.718,-86.183
-7.208,95.659,-177.992,-86.448
-7.212,95.648,-179.483,-86.305
-7.222,95.638,179.252,-85.698
-7.233,95.632,-174.238,-86.243
-7.248,95.625,178.808,-85.888
-7.237,95.624,-179.943,-86.277
-7.250,95.612,176.686,-85.707
-7.277,95.580,-174.240,-86.100
-7.295,95.555,179.810,-86.619
-7.296,95.554,-176.603,-86.658
-7.273,95.576,178.253,-86.689
-7.255,95.602,-174.752,-86.386
-7.256,95.609,-179.945,-86.109
-7.278,95.592,-172.458,-86.006
-7.297,95.558,-171.524,-86.318
-7.299,95.540,-176.852,-85.850
-7.305,95.545,-176.668,-85.582
-7.293,95.560,178.833,-86.508
-7.275,95.588,175.222,-86.299
-7.274,95.592,-176.520,-86.016
-7.287,95.597,-178.974,-86.445
-7.285,95.583,-172.037,-86.754
-7.287,95.592,-175.838,-85.850
-7.281,95.604,-178.212,-86.531
-7.280,95.612,176.803,-86.589
-7.277,95.613,-173.613,-85.939
-7.260,95.615,179.606,-86.193
-7.266,95.607,-179.253,-86.267
-7.282,95.590,-174.815,-85.660
-7.286,95.589,-178.235,-86.492
-7.268,95.589,-171.567,-85.782
-7.283,95.587,-174.538,-86.683
-7.298,95.569,-175.636,-86.209
-7.330,95.555,-177.616,-86.316
-7.335,95.535,-178.987,-86.405
-7.331,95.539,-176.072,-86.255
-7.319,95.547,177.152,-86.182
-7.325,95.517,-175.911,-85.777
-7.347,95.509,-174.054,-86.656
-7.359,95.510,-178.025,-86.451
-7.377,95.513,-175.568,-86.043
-7.387,95.512,-177.004,-85.923
-7.402,95.511,179.319,-86.536
-7.421,95.507,178.012,-86.659
-7.437,95.506,-169.780,-86.631
-7.439,95.509,-171.161,-85.962
-7.440,95.538,-176.734,-85.992
-7.429,95.575,-170.952,-87.024
-7.421,95.588,176.744,-86.120
-7.434,95.588,-170.771,-86.525
-7.444,95.590,-177.767,-86.485
-7.438,95.605,178.370,-86.451
-7.423,95.630,-171.364,-86.314
-7.409,95.635,-174.863,-86.614
-7.378,95.661,-171.855,-86.074
-7.360,95.670,-174.112,-86.049
-7.367,95.661,-173.389,-85.829
-7.365,95.665,-175.400,-86.393
-7.362,95.668,-176.179,-86.152
-7.362,95.663,-177.140,-86.033
-7.362,95.670,-177.283,-85.835
-7.366,95.674,-171.179,-85.911
-7.374,95.666,-175.526,-86.510
-7.375,95.656,-172.670,-86.018
-7.376,95.663,-176.162,-86.399
-7.374,95.665,-179.721,-86.178
-7.370,95.659,-170.423,-86.037
-7.374,95.635,-175.804,-85.470
-7.382,95.615,-175.077,-87.005
-7.380,95.619,-173.344,-87.017
-7.349,95.646,-174.174,-86.885
-7.326,95.652,-177.214,-85.942
-7.320,95.662,-173.195,-85.951
-7.322,95.653,-176.112,-85.743
-7.343,95.639,-175.240,-85.289
-7.366,95.622,-173.773,-86.671
-7.383,95.608,-174.953,-86.083
-7.380,95.605,-172.628,-86.221
-7.374,95.579,-172.909,-86.125
-7.381,95.581,-173.634,-86.327
-7.373,95.600,-171.364,-86.290
-7.359,95.620,-174.012,-86.247
-7.368,95.616,-175.332,-86.097
-7.368,95.611,-173.062,-85.888
-7.381,95.584,-174.979,-86.222
-7.398,95.565,-178.089,-86.308
-7.397,95.576,-177.577,-86.366
-7.376,95.594,-178.082,-85.864
-7.361,95.620,-177.359,-85.721
-7.382,95.629,-173.748,-85.705
-7.405,95.629,-176.122,-85.975
-7.415,95.622,-177.638,-86.650
-7.400,95.652,176.655,-86.511
-7.387,95.689,-166.095,-86.419
-7.383,95.688,-175.585,-86.092
-7.398,95.649,-178.225,-86.016
-7.422,95.626,-175.278,-86.191
-7.445,95.590,176.400,-85.951
-7.430,95.587,-170.618,-86.947
-7.414,95.602,-174.054,-85.933
-7.422,95.611,-177.977,-85.660
-7.441,95.572,-178.808,-86.237
-7.482,95.506,-172.712,-85.602
-7.510,95.484,-177.957,-86.518
-7.512,95.489,-179.733,-85.994
-7.524,95.487,-177.274,-85.834
-7.526,95.500,-173.874,-86.454
-7.504,95.538,177.766,-86.664
-7.473,95.568,-176.697,-86.051
-7.463,95.607,-176.895,-86.352
-7.455,95.617,-179.433,-86.615
-7.431,95.628,-179.435,-86.614
-7.428,95.640,-179.192,-85.512
-7.439,95.637,-178.713,-85.871
-7.435,95.642,-176.487,-85.570
-7.419,95.662,-175.241,-85.797
-7.400,95.691,-175.324,-85.738
-7.377,95.716,-172.304,-85.953
-7.343,95.728,178.649,-85.744
-7.348,95.766,-172.758,-85.696
-7.358,95.793,179.113,-86.395
-7.336,95.798,-178.485,-86.471
-7.322,95.822,178.444,-85.772
-7.311,95.824,179.450,-85.747
-7.330,95.805,177.948,-86.348
-7.334,95.778,-175.437,-86.033
-7.342,95.764,179.603,-86.222
-7.344,95.756,-178.061,-85.914
-7.318,95.764,-177.557,-86.416
-7.305,95.784,-174.815,-85.657
-7.303,95.787,-177.828,-86.004
-7.310,95.780,-176.453,-85.845
-7.319,95.773,-175.555,-85.711
-7.322,95.789,-175.646,-85.634
-7.320,95.802,-178.346,-85.227
-7.319,95.810,-174.815,-85.976
-7.325,95.814,-173.183,-85.446
-7.324,95.800,-174.852,-85.796
-7.333,95.794,-171.706,-85.962
-7.318,95.816,-179.532,-85.923
-7.304,95.840,-176.371,-86.172
-7.310,95.836,-175.827,-85.640
-7.322,95.828,-175.846,-86.223
-7.336,95.830,-176.681,-85.825
-7.333,95.835,-179.192,-85.523
-7.326,95.841,179.853,-85.609
-7.323,95.842,-173.316,-85.638
-7.357,95.796,-174.182,-85.869
-7.370,95.799,-175.420,-85.667
-7.372,95.787,-178.995,-86.381
-7.366,95.777,177.730,-85.963
-7.361,95.782,-178.251,-85.959
-7.368,95.753,-179.345,-85.799
-7.377,95.723,-174.081,-86.649
-7.413,95.691,178.715,-86.163
-7.430,95.702,-174.974,-86.550
-7.426,95.725,178.890,-86.349
-7.420,95.740,-177.295,-86.129
-7.427,95.743,-174.076,-85.915
-7.432,95.746,-174.356,-86.466
-7.454,95.707,-179.072,-86.098
-7.478,95.658,-172.176,-86.252
-7.502,95.653,177.053,-86.578
-7.503,95.664,179.145,-86.246
-7.514,95.646,-174.831,-85.495
-7.527,95.612,-174.090,-86.020
-7.532,95.623,-178.314,-86.313
-7.535,95.630,-178.608,-86.193
-7.525,95.632,179.049,-85.740
-7.511,95.642,-179.106,-85.953
-7.504,95.654,-177.980,-86.052
-7.516,95.651,-175.710,-85.774
-7.544,95.635,176.937,-86.433
-7.571,95.626,-178.212,-86.529
-7.573,95.626,-172.154,-86.810
-7.568,95.620,-176.746,-85.998
-7.561,95.619,-177.224,-85.911
-7.565,95.614,-177.405,-85.949
-7.603,95.601,-178.991,-86.389
-7.627,95.590,-175.601,-86.654
-7.630,95.568,-174.709,-86.400
-7.632,95.550,178.841,-85.769
-7.640,95.526,-173.841,-86.327
-7.659,95.512,-177.484,-86.526
-7.691,95.497,-173.875,-86.062
-7.711,95.485,178.219,-86.267
-7.721,95.496,-175.204,-86.196
-7.707,95.510,-178.170,-86.133
-7.685,95.529,-173.053,-86.277
-7.684,95.523,-174.353,-86.314
-7.697,95.514,-177.673,-86.258
-7.694,95.515,-174.192,-86.299
-7.693,95.506,-173.875,-86.070
-7.717,95.475,-175.137,-85.887
-7.741,95.450,-175.005,-86.707
-7.775,95.410,-178.212,-86.535
-7.791,95.386,-176.534,-86.470
-7.850,95.391,-178.422,-86.058
-7.862,95.392,-178.919,-86.643
-7.872,95.385,-174.709,-86.392
-7.865,95.378,-169.178,-86.547
-7.869,95.401,-172.596,-85.903
-7.888,95.411,-172.724,-85.954
-7.881,95.407,-171.466,-86.855
-7.879,95.396,-172.642,-85.996
-7.881,95.408,-175.709,-86.376
-7.889,95.400,-173.152,-86.457
-7.896,95.391,175.574,-86.343
-7.902,95.396,-171.676,-86.583
-7.879,95.428,177.805,-86.598
-7.836,95.466,-172.929,-85.616
-7.827,95.456,-179.459,-86.466
-7.835,95.428,-175.258,-86.008
-7.856,95.420,-177.446,-86.224
-7.855,95.432,179.117,-86.366
-7.847,95.453,-178.373,-86.187
-7.843,95.466,-179.268,-86.193
-7.827,95.467,-174.919,-86.237
-7.842,95.456,-172.942,-86.417
-7.863,95.462,179.155,-86.209
-7.851,95.493,179.492,-87.055
-7.845,95.511,-170.608,-86.494
-7.848,95.508,-175.963,-86.552
-7.853,95.506,177.083,-86.280
-7.849,95.515,179.816,-86.516
-7.844,95.509,-179.942,-86.307
-7.845,95.493,-179.303,-86.035
-7.860,95.460,-177.505,-86.479
-7.876,95.419,-171.122,-87.176
-7.885,95.404,-174.775,-86.203
-7.904,95.368,-174.737,-86.067
-7.915,95.345,-179.256,-86.267
-7.920,95.332,-176.534,-86.982
-7.928,95.330,-177.553,-86.090
-7.936,95.315,-178.825,-86.907
-7.976,95.251,-167.953,-85.933
-8.043,95.152,-174.365,-86.945
-8.097,95.007,178.131,-87.410
-8.133,94.736,173.567,-86.500
-8.322,94.582,164.779,-76.659
-7.787,93.308,141.093,-75.656
-5.777,88.637,30.367,-79.873
-2.315,82.414,58.632,-74.600
1.972,76.439,100.378,-74.395
3.575,70.215,-23.479,-51.946
3.030,63.991,-12.322,-23.874
1.043,58.017,-19.418,-16.283
2.147,59.249,18.565,4.040
2.219,59.157,10.113,11.570
2.548,59.734,-0.386,4.785
2.659,59.870,-0.381,3.250
2.614,59.593,-1.675,3.526
2.554,59.388,-0.443,6.395
2.560,59.292,0.777,6.408
2.583,59.221,-0.754,5.313
2.591,59.116,-0.282,4.516
2.615,59.059,0.043,6.465
2.629,59.073,-0.127,5.588
2.654,59.063,-0.115,5.105
2.661,59.016,-0.379,5.007
2.661,58.987,-0.130,5.470
2.692,58.946,3.873,14.354
2.686,58.901,-0.338,6.236
2.677,58.881,-0.425,5.560
2.662,58.909,0.121,5.996
2.652,58.932,0.200,5.402
2.640,58.900,-0.191,5.510
2.620,58.907,-0.284,5.729
2.599,58.961,0.277,4.965
2.584,58.940,-0.128,5.052
2.568,58.896,0.074,5.921
2.561,58.859,0.493,5.608
2.545,58.826,-0.375,5.893
2.542,58.823,0.246,5.331
2.534,58.819,-0.272,5.378
2.535,58.822,0.074,5.472
2.528,58.824,-0.399,6.143
2.530,58.833,0.524,5.924
2.542,58.768,-0.133,0.837
2.540,58.725,-0.209,6.034
2.540,58.710,0.200,5.775
2.566,58.640,0.354,5.202
2.577,58.585,-0.473,5.715
2.599,58.493,0.212,5.405
2.631,58.379,-0.302,6.212
2.682,58.249,-0.193,6.253
2.716,58.151,0.200,6.291
2.748,58.075,-0.501,5.763
2.779,58.028,-0.269,6.479
2.789,58.001,-0.333,6.473
2.792,57.982,-0.365,6.790
2.803,57.963,-0.363,6.476
2.810,57.941,-0.684,6.411
2.824,57.906,-0.301,6.160
2.829,57.888,0.105,6.822
2.825,57.884,-0.163,6.958
2.807,57.892,0.012,6.755
2.801,57.894,-0.879,6.842
2.800,57.886,-0.720,6.736
2.800,57.887,-0.500,6.688
2.794,57.889,-0.130,6.879
2.791,57.896,-0.623,6.260
2.793,57.895,-0.098,6.387
2.783,57.901,-0.128,6.197
2.759,57.903,-0.255,6.839
2.752,57.897,-0.112,6.847
2.754,57.906,-0.394,6.479
2.759,57.908,-0.411,6.663
2.766,57.902,-0.457,6.502
2.763,57.905,-0.255,6.132
2.758,57.912,-0.160,6.926
2.758,57.910,-0.360,6.605
2.762,57.904,-0.380,6.915
2.759,57.909,-0.114,6.308
2.749,57.917,-0.494,6.679
2.733,57.938,-0.020,6.244
2.715,57.966,-0.267,6.268
2.721,57.977,-0.020,6.351
2.679,58.031,0.171,7.266
2.666,58.042,-0.113,6.497
2.661,58.049,-0.193,6.546
2.668,58.049,0.075,6.772
2.679,58.043,-0.412,6.433
2.685,58.038,-0.145,6.212
2.684,58.043,-0.405,6.259
2.681,58.050,-0.081,6.109
2.670,58.063,-0.206,6.438
2.667,58.073,-0.191,6.224
2.659,58.081,-0.782,6.370
2.659,58.084,-0.505,6.543
2.665,58.078,-0.925,6.372
2.665,58.074,-0.570,6.501
2.670,58.063,-0.379,6.172
2.672,58.072,-0.955,6.328
2.674,58.076,0.059,6.294
2.677,58.069,-0.206,6.797
2.679,58.067,-0.176,6.851
2.680,58.067,-0.239,6.218
2.678,58.062,-0.256,6.503
2.679,58.063,0.230,6.414
2.681,58.064,-0.331,6.463
2.669,58.066,-0.004,6.327
2.668,58.059,-0.035,6.620
2.670,58.061,-0.239,6.580
2.666,58.060,-0.004,6.513
2.658,58.063,-0.536,6.266
2.657,58.063,-0.344,6.291
2.660,58.061,-0.347,6.484
2.656,58.061,0.106,6.298
2.653,58.057,-0.098,6.781
2.649,58.052,-0.112,6.075
2.647,58.050,-0.427,6.724
2.645,58.041,-0.381,6.537
2.648,58.042,0.058,6.443
2.649,58.055,0.074,6.464
2.640,58.056,-0.129,6.142
2.637,58.060,-0.035,6.955
2.639,58.059,-0.067,6.102
2.639,58.060,-0.366,6.156
2.635,58.068,-0.189,6.115
2.635,58.072,0.012,6.089
2.630,58.069,0.059,6.796
2.631,58.065,-0.206,6.105
2.631,58.064,-0.346,6.224
2.632,58.053,-0.600,6.419
2.641,58.048,-0.723,6.290
2.658,58.044,0.232,6.880
2.667,58.035,-0.130,6.969
2.674,58.036,-0.803,6.410
2.674,58.036,-0.365,6.334
2.669,58.043,-0.315,6.067
2.669,58.048,-0.394,6.669
2.667,58.055,-0.176,6.678
2.665,58.043,-0.114,6.597
2.666,58.043,-0.302,6.471
2.663,58.041,0.185,6.520
2.658,58.048,0.105,6.472
2.652,58.051,-0.238,6.560
2.656,58.053,-0.019,6.375
2.665,58.045,-0.445,6.489
2.669,58.038,-0.438,6.424
2.659,58.040,-0.550,6.205
2.664,58.029,-0.310,6.614
2.671,58.042,-0.113,6.208
2.673,58.054,0.012,6.579
2.669,58.048,-0.409,6.296
2.680,58.035,-0.354,6.896
2.683,58.032,-0.300,6.542
2.698,58.045,0.259,6.785
2.713,58.049,-0.050,6.895
2.718,58.038,-0.508,6.543
2.723,58.036,-0.333,6.244
2.735,58.025,-0.238,6.192
2.747,58.022,-0.206,6.317
2.745,58.019,-0.458,6.749
2.750,58.016,-0.177,6.453
2.762,58.010,-0.473,6.490
2.773,58.007,-0.129,6.537
2.784,58.002,-0.445,6.834
2.802,57.989,-0.346,6.277
2.819,57.986,-0.205,6.667
2.844,57.979,-0.690,6.704
2.886,57.964,-0.067,7.242
2.922,57.956,-1.135,6.343
2.979,57.949,-0.532,6.744
3.026,57.940,-1.198,6.655
3.038,57.935,-0.517,6.427
3.046,57.934,-0.818,6.704
3.040,57.929,-0.732,6.888
3.040,57.924,-0.536,6.915
3.029,57.914,-0.825,6.156
3.034,57.923,-0.953,6.447
3.038,57.931,-0.788,6.694
3.041,57.938,-0.694,6.617
3.044,57.936,-0.737,6.648
3.043,57.943,-0.553,6.681
3.045,57.945,-0.548,7.001
3.042,57.944,-0.874,6.930
3.046,57.939,-0.728,6.532
3.059,57.934,-0.566,6.303
3.062,57.941,-0.316,6.672
3.059,57.949,-0.445,6.949
3.054,57.956,-0.856,6.969
3.055,57.966,-0.492,6.926
3.058,57.969,-1.183,6.557
3.056,57.964,-0.689,6.569
3.060,57.961,-0.633,6.509
3.064,57.966,-0.788,6.744
3.062,57.967,-0.769,6.898
3.054,57.975,-0.946,6.674
3.049,57.983,-0.222,6.180
3.050,57.983,-0.870,6.803
3.045,57.988,-0.650,6.661
3.042,57.985,-0.868,6.583
3.036,57.985,-0.789,6.906
3.037,57.987,-0.583,6.471
3.032,57.987,-0.474,6.550
3.029,57.987,-0.960,6.773
3.031,57.987,-0.555,6.863
3.030,57.987,-0.760,6.786
3.027,57.985,-0.460,6.997
3.017,57.983,-0.722,6.540
3.017,57.981,-0.469,6.759
3.019,57.980,-0.805,6.354
3.027,57.980,-0.590,6.166
3.022,57.980,-0.708,6.757
2.799,58.032,4.593,7.535
2.782,58.040,-0.516,6.764
2.805,58.047,-0.546,6.682
2.854,58.039,-0.297,6.473
2.862,58.054,-1.022,6.752
2.861,58.075,-0.142,6.555
2.825,58.117,-1.996,8.291
2.793,58.125,-1.210,6.666
2.802,58.124,-0.732,7.022
2.822,58.122,-0.904,6.336
2.840,58.122,-0.995,6.983
2.868,58.126,-0.739,6.313
2.876,58.134,-0.601,6.240
2.892,58.130,-0.502,6.588
2.910,58.132,-0.961,6.483
2.928,58.140,-0.804,6.640
2.932,58.158,-1.075,6.676
2.924,58.186,-0.850,6.524
2.923,58.209,-0.663,6.239
2.912,58.210,-1.005,6.401
2.914,58.227,-0.771,6.436
2.919,58.231,-0.859,6.302
2.938,58.240,-0.363,6.536
2.930,58.249,-1.166,6.863
2.927,58.249,-0.621,6.274
2.909,58.251,-0.787,6.623
2.903,58.258,-0.414,6.340
2.888,58.260,-1.153,6.464
2.888,58.250,-0.827,5.821
2.886,58.253,-0.562,6.436
2.887,58.254,-0.425,6.263
2.883,58.262,-1.008,6.080
2.883,58.259,-1.071,6.424
2.888,58.254,-0.750,5.729
2.889,58.255,-0.459,6.611
2.886,58.262,-0.860,6.220
2.874,58.260,-1.180,6.202
2.865,58.265,-0.724,6.160
2.855,58.268,-0.594,6.155
2.847,58.260,-0.803,6.321
2.847,58.272,-1.257,6.535
2.841,58.284,-0.520,6.356
2.862,58.275,-0.631,5.706
2.884,58.255,-0.763,6.359
2.900,58.239,-0.784,6.105
2.907,58.219,-0.554,6.597
2.926,58.200,-1.049,6.417
2.944,58.182,-1.000,6.608
2.941,58.163,-0.593,6.257
2.927,58.133,-0.772,6.507
2.755,58.148,-5.058,5.731
2.723,58.144,-0.470,7.291
2.698,58.142,-0.693,7.137
2.603,58.189,-0.066,7.070
2.483,58.371,-0.532,7.094
2.240,59.262,1.333,4.583
2.158,59.688,1.526,4.867
2.119,59.921,-2.122,4.002
2.126,59.957,0.088,2.681
2.122,59.955,0.809,4.383
2.125,59.961,-0.364,3.753
2.132,59.978,0.261,4.403
2.139,59.988,0.154,4.229
2.133,59.995,0.452,3.436
2.124,60.006,-0.066,4.105
2.122,60.017,-0.876,5.187
2.128,60.057,-0.396,4.648
2.124,60.079,-0.396,3.621
2.122,60.081,-0.112,4.091
2.114,60.107,2.214,3.906
2.098,60.130,2.667,4.208
2.072,60.149,2.530,3.576
2.054,60.170,1.678,3.142
2.033,60.179,-0.270,4.170
2.026,60.179,-1.308,4.405
2.014,60.231,3.118,4.128
2.016,60.303,1.408,4.024
2.014,60.364,1.521,3.138
1.988,60.379,0.595,3.728
1.936,60.310,-1.183,5.004
1.882,60.193,-0.335,4.705
1.868,60.149,0.151,4.368
1.858,60.102,0.654,4.347
1.857,60.081,-0.019,4.697
1.866,60.084,0.490,3.868
1.869,60.069,0.201,6.020
1.887,60.073,-0.918,4.132
1.909,60.109,1.489,4.144
1.931,60.137,-0.272,4.094
1.931,60.171,1.889,4.028
1.922,60.173,1.735,4.291
1.874,60.147,1.793,4.980
1.829,60.107,0.546,3.672
1.828,60.077,-0.237,3.571
1.848,60.089,1.362,4.978
1.850,60.061,1.878,4.258
1.843,60.046,1.437,4.113
1.856,60.076,-1.794,5.167
1.853,60.036,-2.402,5.873
1.853,60.025,-3.570,4.269
1.850,60.006,-4.091,5.351
1.846,60.025,-0.004,5.445
1.837,60.065,-0.447,5.367
1.822,60.077,-0.084,4.834
1.799,60.061,2.039,4.124
1.780,60.011,1.902,3.667
1.760,59.980,0.825,3.450
1.750,59.976,2.234,3.739
1.737,59.995,1.882,4.307
1.727,60.035,-0.301,5.651
1.728,60.055,-1.004,5.521
1.727,60.074,-1.759,5.171
1.725,60.084,-2.779,4.561
1.724,60.058,-2.643,3.883
1.714,60.015,-0.178,4.317
1.706,59.986,1.475,3.958
1.706,59.975,4.809,2.456
1.689,59.941,2.146,2.102
1.672,59.914,-0.954,5.483
1.645,59.846,-2.380,3.244
1.608,59.790,-0.695,3.047
1.583,59.764,-2.880,7.783
1.552,59.774,0.027,4.740
1.530,59.761,0.606,4.198
1.501,59.731,0.815,4.637
1.479,59.668,0.261,4.378
1.453,59.611,0.183,4.776
1.436,59.577,0.942,3.917
1.443,59.570,0.452,5.335
1.412,59.511,1.578,5.363
1.394,59.453,-0.175,5.662
1.372,59.434,0.518,5.394
1.385,59.449,0.558,5.431
1.419,59.504,2.497,7.320
1.496,59.605,1.868,4.691
1.544,59.659,-0.760,4.775
1.586,59.710,-3.120,5.897
1.585,59.648,-0.238,2.480
1.632,59.753,0.975,6.196
1.674,59.816,0.106,6.912
1.700,59.852,-0.565,5.145
1.714,59.849,-1.128,2.418
1.729,59.828,1.590,3.338
1.748,59.821,0.372,3.827
1.812,59.033,-1.518,6.093
1.966,58.278,4.634,14.331
1.986,58.169,0.508,6.149
2.000,58.130,0.401,6.310
2.000,58.115,0.353,6.283
2.008,58.087,0.214,6.460
2.018,58.031,1.043,6.087
2.022,57.992,1.975,5.246
2.051,57.912,0.957,6.433
2.064,57.870,0.121,6.385
2.063,57.862,0.551,7.390
2.058,57.867,0.354,6.928
2.061,57.858,0.308,6.899
2.070,57.833,-0.035,6.366
2.085,57.799,0.675,6.633
2.096,57.748,0.578,7.216
2.114,57.702,0.073,6.608
2.136,57.632,0.186,7.287
2.126,57.650,0.059,7.499
2.105,57.699,0.544,6.977
2.092,57.746,-0.144,6.856
2.069,57.807,0.244,6.869
2.063,57.828,0.323,7.055
2.065,57.818,0.340,6.899
2.062,57.812,0.463,6.796
2.045,57.842,-0.020,6.553
2.020,57.899,0.452,6.779
2.020,57.900,0.323,7.221
2.040,57.839,0.351,6.205
2.105,57.713,3.378,10.726
2.098,57.688,-0.101,7.367
2.098,57.699,-5.816,5.860
2.077,57.704,-1.059,7.649
2.044,57.768,2.621,5.079
2.026,57.842,6.021,7.176
2.066,57.844,-1.847,7.720
2.114,57.795,3.366,5.178
2.134,57.828,1.431,6.375
2.116,58.048,2.028,4.976
2.094,58.151,1.308,8.421
2.086,58.370,-2.016,8.212
2.088,59.722,2.470,7.678
2.057,59.198,1.389,2.610
2.082,59.304,1.278,4.596
2.084,59.292,-2.426,5.017
2.080,59.230,-0.160,4.908
2.081,59.220,-0.051,5.220
2.093,59.233,0.184,5.288
2.095,59.244,1.028,5.657
2.094,59.268,1.041,4.965
2.088,59.334,-3.888,5.129
2.091,59.337,0.900,5.082
2.091,59.318,0.357,5.124
2.092,59.283,1.732,5.085
2.088,59.289,1.031,5.563
2.086,59.287,6.899,4.781
2.072,59.275,-5.613,6.384
2.089,59.293,-0.589,5.719
2.027,59.132,-2.784,15.884
2.077,58.750,-5.255,12.141
2.087,58.749,0.991,1.296
2.182,58.139,1.601,2.990
2.175,58.137,-0.760,7.862
2.186,58.121,2.316,5.826
2.189,58.112,1.697,6.103
2.189,58.104,-0.004,6.738
2.173,58.083,-0.427,6.540
2.163,58.056,2.080,6.288
2.147,58.043,0.266,6.225
2.152,58.035,-0.970,9.347
2.146,58.051,0.027,6.700
2.156,58.052,1.274,6.192
2.158,58.066,0.557,6.428
2.137,58.182,-0.283,1.930
2.132,58.209,0.247,7.093
2.091,58.299,6.256,3.717
2.100,58.263,1.476,5.688
2.074,58.338,-6.191,5.902
2.082,58.347,-0.004,6.584
2.084,58.339,0.551,5.670
2.086,58.350,0.711,6.908
2.094,58.346,1.056,5.908
2.096,58.330,0.401,5.419
2.092,58.315,0.855,5.590
2.080,58.347,2.379,5.655
2.074,58.335,0.634,5.538
2.079,58.399,-0.117,6.296
2.007,58.797,-0.626,6.324
1.991,58.891,1.019,5.271
1.990,58.898,0.424,5.888
1.981,58.910,0.371,5.556
1.983,58.941,0.764,5.749
1.950,59.198,0.479,5.060
1.954,59.310,0.027,5.384
1.942,59.411,0.027,5.545
1.943,59.464,0.753,5.072
1.952,59.575,0.557,4.043
1.954,59.682,0.262,4.270
1.950,59.746,0.425,4.673
1.945,59.802,0.600,4.435
1.946,59.874,0.386,4.449
1.933,60.028,-0.160,5.000
1.929,60.230,0.975,4.505
1.910,60.359,1.087,2.584
1.895,60.425,0.948,4.176
1.891,60.452,0.166,3.999
1.891,60.534,0.904,3.921
1.889,60.735,1.782,5.232
1.888,60.839,0.813,3.562
1.885,60.868,0.388,3.395
1.882,60.974,0.580,3.185
1.885,61.130,0.575,3.420
1.883,61.182,0.404,3.357
1.889,61.346,0.686,2.445
1.888,61.467,0.910,2.678
1.888,61.549,0.846,2.829
1.890,61.733,0.691,2.776
1.894,62.151,0.230,3.874
1.882,63.577,2.081,3.402
1.835,64.956,0.494,-1.820
1.781,66.165,1.007,-1.668
1.719,67.273,1.336,-2.882
1.685,67.662,1.327,-4.773
1.710,67.640,0.888,-4.091
1.706,67.649,0.262,-3.791
1.709,67.661,1.101,-4.346
1.718,67.657,1.269,-3.812
1.720,67.659,0.776,-3.473
1.718,67.663,0.874,-4.192
1.705,67.668,0.732,-4.237
1.692,68.055,0.717,-1.848
1.647,68.822,0.663,-4.180
1.606,69.568,0.617,-4.861
1.577,70.045,1.388,-6.279
1.559,70.324,1.115,-7.813
1.544,70.521,0.994,-7.122
1.530,70.791,0.299,-7.377
1.523,70.950,1.079,-7.318
1.492,71.380,1.078,-7.449
1.474,71.808,1.380,-8.579
1.482,71.829,0.721,-9.321
1.466,71.879,1.476,-8.277
1.467,72.040,0.521,-8.693
1.435,72.372,1.124,-8.950
1.435,72.424,0.861,-9.387
1.424,72.497,1.399,-8.870
1.428,72.542,1.302,-9.422
1.433,72.553,0.862,-9.514
1.431,72.608,0.727,-9.179
1.421,72.717,1.198,-9.591
1.418,72.792,1.237,-9.685
1.414,72.913,1.302,-9.486
1.390,73.225,0.822,-9.843
1.371,73.496,1.043,-11.601
1.383,73.516,0.982,-10.739
1.389,73.509,0.732,-10.313
1.403,73.497,0.826,-10.151
1.413,73.480,0.746,-10.568
1.419,73.478,0.759,-9.851
1.430,73.467,1.049,-10.556
1.437,73.451,0.716,-10.198
1.439,73.448,0.546,-10.284
1.448,73.436,0.887,-10.522
1.452,73.392,1.107,-10.651
1.461,73.351,0.751,-10.371
1.468,73.293,0.818,-10.358
1.473,73.264,0.626,-10.551
1.479,73.225,0.939,-10.576
1.484,73.162,0.656,-10.267
1.482,73.127,1.116,-9.995
1.490,73.080,1.333,-10.214
1.490,73.031,0.777,-10.032
1.493,73.010,0.942,-10.009
1.496,72.992,1.407,-9.995
1.500,72.975,0.945,-9.699
1.502,72.957,0.976,-9.797
1.500,72.939,0.812,-10.145
1.496,72.918,0.587,-9.850
1.499,72.898,0.653,-9.517
1.507,72.863,1.099,-9.987
1.514,72.784,0.430,-10.092
1.519,72.667,0.927,-9.787
1.522,72.573,1.258,-9.235
1.527,72.516,0.763,-9.343
1.530,72.455,0.847,-9.595
1.538,72.409,0.888,-9.441
1.543,72.364,1.072,-9.185
1.547,72.320,0.939,-9.112
1.551,72.313,0.379,-9.403
1.554,72.305,1.166,-8.948
1.553,72.299,0.923,-9.381
1.555,72.287,1.168,-9.196
1.559,72.276,0.669,-9.574
1.555,72.277,0.712,-9.085
1.560,72.278,0.734,-8.975
1.570,72.279,0.846,-9.342
1.571,72.276,1.101,-9.347
1.576,72.269,0.974,-9.261
1.584,72.260,0.586,-9.325
1.594,72.265,0.911,-9.227
1.599,72.273,0.905,-8.892
1.596,72.275,1.214,-9.026
1.594,72.281,0.699,-8.972
1.593,72.289,1.118,-9.011
1.596,72.291,0.749,-8.976
1.598,72.289,0.523,-9.372
1.596,72.295,0.704,-9.590
1.597,72.292,0.717,-8.926
1.597,72.285,1.038,-8.980
1.597,72.271,0.653,-9.371
1.594,72.264,0.912,-8.992
1.593,72.261,0.745,-9.679
1.596,72.247,0.697,-8.553
1.596,72.220,0.648,-8.868
1.597,72.201,0.957,-9.228
1.597,72.188,0.331,-9.072
1.601,72.184,0.705,-9.180
1.600,72.186,0.495,-9.233
1.599,72.184,0.590,-9.035
1.599,72.184,0.604,-8.752
1.602,72.177,0.634,-8.794
1.597,72.174,0.718,-9.098
1.599,72.164,0.140,-9.067
1.604,72.151,0.493,-8.840
1.613,72.145,0.969,-8.893
1.617,72.146,0.780,-9.361
1.616,72.143,0.714,-9.266
1.614,72.144,0.932,-9.184
1.610,72.148,0.475,-8.869
1.607,72.152,0.489,-8.812
1.603,72.163,0.719,-9.319
1.602,72.187,0.802,-9.114
1.600,72.211,0.744,-8.675
1.593,72.238,0.782,-9.366
1.592,72.258,0.955,-9.067
1.588,72.277,0.971,-9.070
1.584,72.281,0.860,-9.039
1.586,72.285,0.489,-9.197
1.585,72.291,0.782,-9.436
1.586,72.291,1.023,-9.318
1.584,72.294,0.896,-9.350
1.581,72.313,0.980,-8.954
1.580,72.356,0.775,-9.220
1.575,72.382,0.719,-9.660
1.569,72.403,0.714,-9.175
1.568,72.444,0.987,-9.156
1.574,72.479,0.811,-9.511
1.581,72.486,0.700,-9.366
1.594,72.478,0.768,-9.684
1.621,72.456,0.736,-9.392
1.641,72.396,0.918,-9.498
1.646,72.383,0.794,-9.353
1.644,72.386,0.365,-8.910
1.645,72.387,0.463,-9.314
1.638,72.389,0.669,-9.215
1.629,72.413,0.554,-9.066
1.626,72.463,0.911,-9.717
1.624,72.487,0.638,-9.603
1.628,72.493,1.171,-9.847
1.629,72.490,0.685,-9.743
1.638,72.481,0.747,-9.190
1.647,72.471,0.651,-9.413
1.656,72.462,0.267,-9.075
1.658,72.464,0.607,-9.442
1.658,72.471,1.098,-9.560
1.661,72.474,0.762,-9.224
1.661,72.477,0.489,-9.378
1.659,72.478,0.635,-8.928
1.661,72.474,0.795,-9.330
1.662,72.474,0.346,-9.156
1.666,72.477,0.696,-9.220
1.663,72.477,0.961,-9.185
1.660,72.474,0.863,-9.355
1.662,72.473,0.814,-9.173
1.658,72.476,0.952,-9.255
1.658,72.475,0.745,-8.942
1.656,72.477,0.267,-9.290
1.652,72.478,0.696,-9.952
1.652,72.480,0.653,-9.455
1.648,72.480,0.961,-9.360
1.646,72.483,0.703,-9.358
1.646,72.482,0.759,-9.362
1.644,72.484,0.754,-9.446
1.643,72.486,0.541,-9.150
1.640,72.490,0.428,-9.336
1.637,72.489,0.950,-9.689
1.641,72.493,1.078,-9.063
1.641,72.497,0.963,-9.608
1.643,72.489,0.879,-9.673
1.641,72.482,0.893,-9.527
1.643,72.486,0.876,-9.540
1.638,72.489,0.602,-9.199
1.639,72.491,0.589,-9.548
1.638,72.494,0.693,-9.264
1.641,72.498,0.817,-9.350
1.642,72.499,0.837,-9.750
1.639,72.500,0.546,-9.512
1.637,72.500,0.680,-9.707
1.637,72.498,0.848,-9.217
1.640,72.491,0.509,-9.267
1.645,72.491,0.736,-9.608
1.643,72.489,0.489,-9.267
1.640,72.483,0.744,-9.524
1.640,72.477,0.850,-9.752
1.641,72.475,0.912,-9.188
1.642,72.472,0.476,-8.701
1.641,72.463,1.119,-9.222
1.638,72.460,0.621,-9.520
1.637,72.458,0.886,-9.268
1.639,72.453,0.284,-9.533
1.635,72.453,0.699,-9.343
1.636,72.454,0.534,-9.545
1.640,72.454,0.092,-9.333
1.642,72.451,0.300,-9.333
1.644,72.455,0.753,-9.120
1.642,72.459,0.301,-9.577
1.643,72.465,0.365,-9.359
1.647,72.470,0.414,-8.917
1.650,72.462,0.848,-9.425
1.648,72.465,1.071,-9.506
1.649,72.470,0.459,-9.411
1.648,72.470,0.413,-9.325
1.650,72.474,1.023,-9.784
1.649,72.478,1.016,-9.508
1.651,72.477,0.777,-9.245
1.653,72.477,0.672,-9.397
1.654,72.476,0.654,-9.764
1.653,72.476,0.569,-9.346
1.655,72.471,0.800,-9.201
1.658,72.473,0.784,-9.540
1.656,72.473,0.715,-9.016
1.655,72.476,0.413,-9.510
1.653,72.478,0.732,-9.636
1.654,72.478,0.616,-9.419
1.650,72.482,0.380,-9.385
1.649,72.481,0.331,-9.121
1.649,72.478,0.574,-8.944
1.650,72.474,0.738,-9.257
1.651,72.476,0.650,-9.736
1.648,72.478,0.808,-9.183
1.644,72.474,0.763,-10.326
1.646,72.475,0.831,-9.309
1.647,72.477,0.589,-9.179
1.646,72.473,0.747,-9.579
1.644,72.474,0.539,-9.034
1.645,72.468,0.668,-9.882
1.641,72.467,0.866,-9.731
1.638,72.464,0.850,-9.546
1.636,72.459,0.930,-9.574
1.635,72.456,0.601,-9.186
1.632,72.457,0.272,-9.497
1.632,72.458,0.379,-8.962
1.630,72.453,0.860,-9.358
1.628,72.449,0.382,-9.418
1.622,72.454,0.236,-9.312
1.618,72.451,0.908,-9.311
1.617,72.450,0.517,-9.160
1.619,72.439,0.907,-9.472
1.623,72.430,0.774,-9.349
1.628,72.429,0.829,-9.729
1.627,72.425,0.760,-9.423
1.622,72.424,0.427,-9.131
1.622,72.433,0.640,-9.340
1.625,72.432,0.816,-9.287
1.622,72.441,0.331,-9.447
1.620,72.445,0.645,-9.041
1.616,72.443,0.683,-9.410
1.614,72.448,0.382,-9.570
1.611,72.439,0.735,-10.063
1.610,72.432,0.714,-9.390
1.608,72.426,0.459,-9.951
1.607,72.411,0.491,-9.343
1.606,72.377,0.541,-8.921
1.605,72.368,0.430,-9.403
1.607,72.338,0.873,-9.756
1.606,72.297,0.708,-9.528
1.605,72.245,0.591,-9.533
1.599,72.188,0.510,-8.483
1.601,72.143,0.506,-9.017
1.598,72.076,0.679,-8.468
1.598,72.049,0.332,-8.821
1.599,72.032,0.724,-8.528
1.597,71.992,0.504,-9.321
1.593,71.829,1.508,-9.347
1.596,71.108,0.715,-7.630
1.798,67.421,6.338,-30.333
2.781,61.197,41.705,-34.259
2.905,62.308,-0.824,-6.467
2.873,62.152,1.426,7.520
2.877,62.071,0.431,6.831
2.874,61.963,-0.051,6.238
2.860,61.878,0.897,6.673
2.866,61.861,0.997,6.679
2.863,61.849,0.312,7.061
2.863,61.853,0.150,6.632
2.864,61.871,0.885,6.490
2.874,61.932,0.543,6.560
2.878,61.963,0.089,6.051
2.869,61.948,0.727,6.892
2.869,61.966,0.881,6.478
2.867,62.001,0.679,6.505
2.875,62.025,0.694,6.376
2.880,62.060,0.484,7.257
2.878,62.143,0.574,6.544
2.883,62.185,0.420,6.523
2.896,62.278,0.533,6.021
2.903,62.365,0.230,5.743
2.889,62.355,0.458,5.522
2.864,62.384,0.593,6.006
2.854,62.418,1.820,7.224
2.843,62.431,0.576,6.543
2.836,62.433,0.766,5.967
2.828,62.429,0.260,5.873
2.827,62.410,0.447,6.120
2.822,62.403,0.295,6.055
2.823,62.400,0.090,6.174
2.825,62.398,0.557,6.327
2.824,62.402,0.090,6.166
2.820,62.399,0.650,5.925
2.822,62.398,0.607,6.165
2.817,62.401,0.590,5.836
2.810,62.404,0.215,5.930
2.806,62.410,0.306,5.671
2.801,62.436,0.421,5.988
2.796,62.469,0.543,5.525
2.786,62.493,0.313,5.524
2.763,62.517,0.276,5.803
2.746,62.531,0.517,6.132
2.719,62.542,0.542,6.078
2.700,62.554,0.718,6.096
2.669,62.573,0.997,5.301
2.624,62.611,0.918,5.962
2.590,62.650,1.354,5.667
2.536,62.687,0.791,5.840
2.493,62.857,1.039,6.542
2.430,63.410,1.557,6.340
2.252,64.074,0.821,4.177
1.942,64.465,1.019,3.414
1.505,64.983,2.116,4.871
0.936,65.274,1.613,1.275
0.622,65.744,3.819,1.744
0.289,65.969,1.624,2.205
-0.122,66.233,2.975,2.492
-0.655,66.368,4.536,-0.378
-0.794,67.387,2.121,0.209
-1.015,67.506,7.448,-0.670
-1.118,67.581,5.717,2.220
-0.676,68.519,6.017,4.359
-0.120,69.634,3.143,-2.685
0.350,70.483,2.761,-3.011
0.790,71.208,3.848,-2.911
0.907,71.457,3.067,-3.746
1.420,72.454,4.339,-4.958
1.988,73.325,2.090,-4.946
2.195,73.744,1.037,-5.887
2.361,74.134,0.798,-6.573
2.504,74.417,1.253,-6.194
2.582,74.589,1.404,-6.599
2.616,74.840,0.967,-7.504
2.629,75.181,0.171,-7.403
2.659,75.519,1.278,-7.769
2.689,75.746,0.558,-9.339
2.713,76.099,0.418,-7.673
2.669,76.489,1.248,-10.059
2.691,76.838,-0.134,-9.189
2.708,77.290,0.383,-8.482
2.732,77.605,0.559,-11.551
2.753,77.728,0.732,-10.213
2.770,78.085,0.933,-9.611
2.778,78.686,0.546,-10.958
2.802,79.251,1.420,-12.196
2.769,79.877,-0.180,-12.611
2.757,80.567,0.448,-14.056
2.757,81.135,0.358,-14.346
2.695,81.749,0.281,-15.634
2.618,82.405,0.323,-15.775
2.609,82.802,0.597,-17.114
2.605,83.002,0.528,-16.744
2.580,83.529,0.311,-17.127
2.569,84.023,0.129,-18.820
2.529,84.567,-0.415,-18.897
2.519,85.189,0.781,-18.814
2.524,86.054,0.723,-18.227
2.510,86.963,0.470,-22.001
2.514,87.905,-0.141,-21.995
2.521,88.898,0.498,-23.049
2.540,89.407,-0.531,-25.167
2.559,89.834,0.446,-24.687
2.601,89.989,1.032,-24.708
2.606,90.189,0.717,-24.436
2.584,90.350,1.033,-24.742
2.568,90.653,0.912,-24.651
2.564,90.950,0.954,-26.501
2.560,91.083,0.615,-25.451
2.560,91.313,0.706,-25.251
2.558,91.535,1.407,-25.933
2.547,91.670,0.386,-26.189
2.560,91.675,0.598,-27.003
2.578,91.728,0.848,-25.943
2.585,91.838,0.548,-26.101
2.559,92.191,0.442,-26.552
2.548,92.368,1.050,-28.176
2.554,92.765,0.633,-26.167
2.559,93.121,0.970,-28.157
2.558,93.418,1.055,-28.466
2.529,93.807,0.638,-28.606
2.519,93.906,0.805,-29.397
2.512,93.939,0.287,-28.994
2.527,93.990,0.506,-29.367
2.478,93.958,-0.540,-29.099
2.428,93.983,0.434,-29.081
2.394,93.953,1.170,-28.550
2.400,93.987,0.813,-28.886
2.393,94.034,0.540,-28.897
2.360,94.089,0.470,-29.098
2.353,94.170,0.502,-28.814
2.341,94.260,0.598,-29.446
2.341,94.375,0.864,-28.767
2.319,94.650,0.546,-29.951
2.287,94.878,0.600,-29.506
2.273,95.140,0.550,-30.327
2.276,95.411,0.555,-30.761
2.268,95.649,0.779,-31.133
2.271,95.732,0.970,-30.552
2.283,95.983,1.011,-30.052
2.270,96.134,0.666,-31.830
2.273,96.175,0.965,-31.622
2.283,96.136,0.818,-31.594
2.298,96.082,0.298,-31.948
2.317,96.039,0.593,-31.186
2.347,95.998,1.276,-31.571
2.401,95.944,0.610,-31.496
2.436,95.875,0.630,-30.940
2.461,95.861,0.765,-31.296
2.455,95.866,0.406,-30.853
2.438,95.867,0.497,-30.907
2.406,95.899,0.946,-31.121
2.408,95.965,0.460,-31.178
2.428,96.020,0.571,-31.242
2.400,96.023,-0.061,-31.702
2.374,96.026,0.982,-31.039
2.373,96.047,0.794,-31.688
2.371,96.058,0.443,-31.626
2.342,96.034,0.501,-31.507
2.314,96.012,0.539,-31.409
2.305,95.971,0.463,-31.285
2.312,95.966,0.762,-31.213
2.321,96.003,1.286,-31.245
2.306,96.009,0.741,-31.706
2.291,96.003,0.669,-31.391
2.292,96.043,1.221,-31.538
2.289,96.054,0.906,-31.756
2.288,96.036,1.048,-31.672
2.282,96.044,0.723,-31.384
2.285,96.040,0.664,-31.122
2.282,96.053,1.077,-31.191
2.288,96.066,0.875,-31.434
2.278,96.060,0.683,-31.451
2.272,96.064,0.967,-31.247
2.267,96.096,0.633,-31.640
2.267,96.118,1.108,-31.889
2.261,96.113,0.746,-31.719
2.260,96.086,0.650,-31.151
2.262,96.058,0.964,-31.466
2.246,96.048,0.576,-31.634
2.250,96.046,0.912,-31.607
2.254,96.078,0.799,-31.232
2.234,96.190,1.087,-32.217
2.229,96.201,0.466,-32.008
2.228,96.230,0.974,-31.880
2.234,96.255,0.712,-31.611
2.234,96.246,0.558,-32.074
2.239,96.244,1.158,-32.165
2.239,96.244,0.937,-32.293
2.232,96.225,0.686,-31.265
2.241,96.202,1.204,-32.080
2.239,96.165,0.728,-31.603
2.243,96.146,1.071,-31.228
2.245,96.146,0.662,-31.254
2.252,96.139,0.697,-31.775
2.251,96.146,0.349,-31.429
2.252,96.158,1.262,-31.819
2.246,96.143,0.556,-31.473
2.244,96.141,0.555,-31.287
2.239,96.157,0.656,-31.686
2.243,96.151,0.918,-31.666
2.245,96.168,0.800,-31.508
2.251,96.185,1.109,-31.428
2.254,96.206,0.614,-31.494
2.261,96.216,0.502,-31.557
2.258,96.196,1.132,-31.843
2.255,96.176,0.995,-31.252
2.257,96.183,0.856,-31.204
2.266,96.194,0.747,-31.812
2.263,96.220,0.672,-31.157
2.261,96.207,0.800,-31.426
2.251,96.166,0.540,-31.903
2.251,96.138,0.743,-31.768
2.261,96.121,0.906,-31.784
2.259,96.132,1.095,-31.496
2.268,96.142,1.087,-31.045
2.265,96.165,0.917,-32.116
2.270,96.156,1.055,-31.664
2.268,96.123,0.760,-31.962
2.256,96.090,0.740,-31.565
2.251,96.057,0.574,-31.372
2.247,96.055,0.852,-31.242
2.257,96.055,0.821,-31.743
2.249,96.044,0.575,-31.525
2.255,96.042,0.744,-31.120
2.257,96.046,0.654,-31.697
2.259,96.042,0.450,-31.906
2.259,96.044,0.825,-31.769
2.258,96.076,0.468,-31.701
2.259,96.104,0.503,-31.698
2.258,96.115,0.797,-31.479
2.257,96.108,0.503,-31.679
2.255,96.127,0.762,-31.461
2.263,96.168,1.102,-31.714
2.274,96.180,0.764,-31.894
2.274,96.173,0.632,-31.827
2.279,96.149,0.903,-31.967
2.284,96.131,1.228,-31.630
2.295,96.142,0.741,-31.139
2.295,96.151,0.655,-31.748
2.294,96.152,0.588,-31.495
2.306,96.153,1.173,-31.499
2.318,96.152,0.706,-31.915
2.315,96.153,1.100,-31.929
2.315,96.150,0.874,-31.605
2.314,96.148,0.724,-31.643
2.318,96.147,0.667,-31.456
2.324,96.137,0.586,-30.864
2.331,96.105,0.826,-31.762
2.357,96.065,0.517,-31.268
2.381,96.045,1.046,-31.513
2.380,96.038,0.780,-31.442
2.376,96.057,0.707,-31.612
2.377,96.084,1.083,-31.428
2.381,96.115,1.075,-31.324
2.390,96.138,0.589,-31.631
2.387,96.117,0.733,-32.068
2.384,96.100,0.144,-31.386
2.386,96.095,0.351,-31.800
2.384,96.101,1.183,-31.560
2.384,96.086,1.060,-31.600
2.380,96.064,0.740,-31.016
2.380,96.062,0.390,-31.370
2.380,96.061,0.430,-31.322
2.376,96.041,0.796,-32.113
2.372,96.009,1.010,-30.864
2.380,95.986,1.232,-30.742
2.387,95.963,0.855,-31.623
2.382,95.962,0.937,-31.475
2.382,95.985,0.846,-32.117
2.379,95.999,0.816,-31.370
2.380,96.008,1.076,-31.384
2.376,95.997,0.723,-31.545
2.384,95.989,0.707,-31.702
2.387,95.971,1.204,-31.151
2.390,95.932,1.080,-31.576
2.388,95.906,0.591,-31.221
2.379,95.872,0.664,-31.098
2.381,95.838,0.485,-31.351
2.382,95.811,0.940,-31.001
2.381,95.785,0.670,-31.337
2.381,95.769,1.061,-31.030
2.375,95.742,0.887,-30.722
2.384,95.742,1.044,-31.154
2.382,95.747,0.461,-31.181
2.379,95.742,0.983,-31.126
2.376,95.745,0.499,-31.110
2.370,95.743,0.822,-31.553
2.372,95.761,1.100,-31.126
2.369,95.792,0.590,-31.215
2.371,95.815,0.459,-31.167
2.369,95.841,0.851,-31.593
2.353,95.872,0.353,-30.621
2.355,95.908,0.872,-30.823
2.368,95.923,0.404,-31.497
2.363,95.926,0.550,-31.349
2.360,95.939,0.891,-31.206
2.359,95.947,0.499,-31.205
2.357,95.943,0.637,-31.691
2.345,95.915,1.119,-31.293
2.349,95.908,1.198,-31.513
2.346,95.896,0.836,-31.756
2.343,95.894,0.294,-31.026
2.344,95.922,1.030,-31.599
2.335,95.951,0.332,-31.433
2.337,95.947,0.943,-31.096
2.343,95.923,0.996,-31.665
2.346,95.893,0.274,-30.834
2.352,95.881,0.797,-31.457
2.353,95.861,0.592,-31.268
2.351,95.845,0.182,-31.307
2.349,95.874,0.386,-31.091
2.351,95.901,0.740,-30.920
2.350,95.911,0.680,-30.969
2.354,95.925,0.680,-31.073
2.349,95.935,0.572,-31.234
2.338,95.923,0.571,-31.367
2.337,95.905,0.389,-31.734
2.342,95.898,1.177,-31.277
2.348,95.909,0.928,-31.464
2.352,95.918,0.983,-31.009
2.358,95.931,0.988,-31.700
2.365,95.984,0.553,-31.027
2.381,96.048,0.651,-31.389
2.405,96.123,0.827,-31.576
2.408,96.204,0.449,-31.636
2.397,96.232,0.860,-31.796
2.376,96.234,1.245,-31.848
2.366,96.224,0.752,-31.681
2.362,96.190,0.700,-32.175
2.361,96.160,0.822,-31.693
2.355,96.150,0.632,-31.550
2.351,96.134,0.162,-31.234
2.356,96.106,0.242,-32.029
2.366,96.084,0.758,-31.258
2.372,96.078,0.766,-31.676
2.378,96.046,0.928,-31.124
2.386,96.051,1.288,-31.133
2.409,96.075,0.748,-31.765
2.405,96.089,0.645,-31.117
2.398,96.087,0.786,-32.088
2.395,96.082,0.373,-31.873
2.404,96.081,0.276,-31.393
2.397,96.078,0.574,-31.464
2.382,96.083,0.406,-31.473
2.373,96.082,0.870,-31.627
2.372,96.097,0.371,-31.594
2.375,96.110,0.853,-31.280
2.363,96.093,1.036,-31.523
2.358,96.072,0.761,-31.743
2.356,96.057,0.743,-31.524
2.356,96.060,1.155,-31.714
2.350,96.032,0.838,-31.812
2.343,95.987,1.002,-31.211
2.338,95.946,0.702,-31.510
2.338,95.929,0.995,-31.738
2.335,95.938,0.724,-31.385
2.323,95.887,0.874,-31.305
2.334,95.802,0.461,-31.363
2.359,94.935,1.341,-34.271
2.346,93.140,0.855,-33.356
2.405,89.813,3.625,-34.288
2.435,83.589,-4.560,-39.481
2.904,77.614,10.848,-21.255
3.156,83.318,-50.572,13.202
2.999,82.932,2.926,-7.262
2.951,82.588,1.967,5.239
2.894,82.561,-0.152,1.085
2.879,82.499,-1.369,9.823
2.903,82.489,-0.709,10.669
2.908,82.566,0.631,8.360
2.908,82.635,1.250,10.197
2.914,82.643,2.690,8.810
2.895,82.667,1.089,8.921
2.884,82.664,-2.891,7.979
2.896,82.671,0.597,8.946
2.879,82.857,-0.895,9.567
2.891,82.832,0.136,7.122
2.876,82.813,0.433,8.436
2.865,82.804,-0.554,8.295
2.866,82.831,0.059,8.028
2.867,82.801,0.713,8.568
2.857,82.799,0.502,8.356
2.857,82.805,0.059,8.218
2.844,82.826,0.170,8.376
2.843,82.847,1.099,8.253
2.844,82.859,0.931,8.753
2.835,82.920,-0.036,8.055
2.834,83.035,0.706,9.519
2.826,83.197,0.428,5.396
2.804,83.423,0.297,8.748
2.802,83.532,0.028,7.702
2.783,83.620,0.342,7.133
2.777,83.730,0.371,7.942
2.772,83.950,0.432,7.653
2.776,84.094,0.748,7.310
2.780,84.209,0.683,6.330
2.785,84.282,1.455,7.699
2.794,84.382,0.137,6.948
2.804,84.573,0.546,6.695
2.809,84.785,0.260,4.854
2.803,84.972,0.275,6.552
2.794,85.262,0.733,5.160
2.791,85.465,0.182,5.075
2.795,85.970,0.702,6.270
2.790,86.532,0.814,4.636
2.786,86.761,0.765,3.308
2.787,87.049,0.531,4.760
2.760,87.425,0.450,4.122
2.741,87.951,0.104,1.712
2.745,88.274,0.774,1.881
2.738,88.562,0.058,2.337
2.721,88.806,0.490,1.636
2.725,89.018,0.246,1.547
2.730,89.255,0.858,1.912
2.750,89.430,0.516,1.653
2.744,89.576,0.810,1.080
2.743,89.819,0.732,0.000
2.736,90.019,0.559,0.547
2.729,90.196,0.831,-0.362
2.720,90.557,0.042,-0.478
2.715,90.962,0.299,0.829
2.690,91.315,0.201,-1.296
2.690,91.373,1.282,-1.849
2.695,91.384,-0.316,-1.467
2.667,91.542,0.952,1.190
2.657,91.974,0.498,-1.772
2.655,92.363,0.976,-2.228
2.660,92.729,0.991,-2.609
2.663,93.342,0.734,-1.664
2.655,94.391,0.156,-3.057
2.641,95.291,-0.355,-6.077
2.618,96.167,-0.913,-7.168
2.668,97.107,1.620,-6.036
2.696,97.954,-0.020,-7.157
2.713,98.933,0.411,-8.472
2.697,100.178,0.818,-8.823
2.630,101.752,-0.190,-11.135
2.568,103.500,0.537,-13.364
2.496,105.973,1.962,-14.327
2.439,108.217,0.315,-20.208
2.381,110.229,1.148,-20.213
2.319,112.379,4.031,-21.401
2.239,114.411,2.312,-26.050
2.162,116.195,0.629,-26.282
2.146,117.828,0.308,-29.699
2.107,119.348,0.677,-32.710
2.092,120.572,-0.627,-35.166
2.101,121.514,1.250,-34.758
2.053,122.145,-0.442,-39.507
2.044,122.878,-0.318,-36.072
2.035,123.505,0.395,-37.089
2.046,123.833,0.925,-38.050
2.050,124.162,1.597,-37.475
2.089,124.331,1.201,-38.738
2.101,124.412,0.918,-38.364
2.141,124.452,0.909,-37.639
2.224,124.520,0.647,-38.675
2.260,124.651,1.582,-38.353
2.278,124.798,0.892,-38.256
2.313,124.935,0.788,-38.875
2.323,124.991,0.986,-39.183
2.310,125.096,0.562,-38.735
2.330,125.253,1.027,-39.393
2.328,125.343,1.032,-40.064
2.308,125.386,0.928,-39.600
2.293,125.479,1.143,-40.089
2.284,125.544,1.600,-39.698
2.256,125.616,0.792,-40.263
2.231,125.695,1.344,-39.616
2.209,125.921,1.156,-39.870
2.194,126.258,0.935,-38.689
2.169,126.663,1.031,-40.550
2.128,127.116,1.227,-41.732
2.104,127.533,1.573,-41.242
2.109,127.872,1.113,-42.261
2.090,128.190,1.112,-43.158
2.091,128.418,0.752,-42.009
2.081,128.551,1.061,-43.764
2.085,128.567,1.032,-42.835
2.078,128.675,1.001,-42.796
2.080,128.792,1.554,-43.597
2.073,129.000,1.351,-42.839
2.060,129.215,1.479,-43.630
2.042,129.419,1.388,-42.885
2.011,129.799,1.598,-43.401
1.996,130.222,1.542,-44.959
2.029,130.465,1.426,-45.915
2.014,130.788,1.191,-45.925
1.978,131.162,0.908,-45.732
1.948,131.476,1.293,-46.354
1.929,131.609,1.408,-46.996
1.926,131.656,1.898,-46.786
1.917,131.675,1.573,-46.539
1.896,131.743,1.237,-46.279
1.891,131.762,1.402,-46.922
1.894,131.791,1.749,-46.692
1.884,131.894,1.766,-46.283
1.879,132.184,1.959,-44.531
1.867,132.714,1.256,-48.280
1.838,133.046,1.804,-48.358
1.868,133.481,3.764,-45.222
1.813,133.795,2.079,-49.145
1.756,134.012,1.808,-50.071
1.736,134.024,1.797,-48.819
1.741,134.037,1.856,-49.042
1.754,133.995,1.913,-49.448
1.778,133.957,1.801,-49.212
1.813,133.808,1.535,-50.253
1.818,133.448,2.193,-49.319
1.840,133.471,1.319,-48.654
1.840,133.527,1.544,-48.882
1.820,133.596,1.738,-48.347
1.798,133.699,1.213,-48.796
1.767,133.827,1.501,-49.874
1.720,133.973,0.856,-49.910
1.684,134.147,1.594,-49.559
1.655,134.429,1.680,-49.793
1.625,134.612,1.717,-50.340
1.578,134.759,1.206,-50.461
1.548,134.863,1.767,-50.693
1.522,135.008,2.054,-50.509
1.511,135.040,1.960,-50.714
1.503,135.082,2.024,-50.598
1.504,135.098,1.609,-50.910
1.499,135.123,1.046,-50.837
1.504,135.135,1.324,-50.594
1.523,135.146,2.077,-50.795
1.530,135.145,1.970,-51.076
1.531,135.114,1.857,-50.444
1.527,135.102,1.249,-50.954
1.531,135.101,1.633,-50.716
1.529,135.125,1.345,-50.757
1.528,135.174,2.040,-50.555
1.512,135.225,1.875,-50.893
1.501,135.274,1.530,-50.696
1.483,135.336,1.339,-50.923
1.455,135.417,2.364,-51.361
1.419,135.480,1.555,-51.128
1.397,135.553,1.993,-50.522
1.393,135.664,1.628,-51.434
1.386,135.716,2.140,-51.461
1.382,135.710,2.037,-51.005
1.374,135.721,1.781,-51.075
1.373,135.735,2.168,-51.702
1.369,135.757,1.274,-51.033
1.365,135.742,2.215,-51.464
1.356,135.745,1.703,-51.645
1.348,135.770,1.832,-51.695
1.341,135.774,1.056,-51.395
1.339,135.770,1.554,-51.382
1.334,135.745,1.706,-51.586
1.330,135.745,1.156,-51.705
1.328,135.730,2.027,-51.909
1.318,135.647,1.569,-51.624
1.313,135.605,1.349,-51.045
1.319,135.579,1.875,-51.553
1.325,135.511,1.611,-51.541
1.328,135.422,2.070,-51.005
1.336,135.366,1.728,-50.683
1.347,135.349,2.134,-51.084
1.352,135.375,1.823,-50.790
1.351,135.383,2.147,-51.458
1.341,135.374,2.237,-50.935
1.348,135.395,2.186,-51.242
1.349,135.417,1.917,-51.072
1.350,135.430,1.670,-51.254
1.354,135.435,1.778,-51.442
1.351,135.450,1.541,-51.476
1.347,135.432,1.716,-51.237
1.346,135.407,1.591,-50.791
1.341,135.364,1.876,-51.209
1.323,135.357,2.141,-50.475
1.322,135.387,2.076,-51.238
1.312,135.375,2.457,-51.066
1.305,135.391,1.646,-51.244
1.302,135.439,2.014,-50.644
1.298,135.515,2.504,-50.935
1.291,135.645,1.857,-51.242
1.283,135.664,2.110,-51.468
1.283,135.726,2.383,-51.445
1.273,135.795,1.709,-51.764
1.253,135.868,2.037,-51.279
1.238,135.971,1.324,-51.643
1.228,136.044,1.722,-52.419
1.230,136.059,1.554,-51.690
1.236,136.052,1.805,-52.073
1.247,136.030,1.779,-52.323
1.249,135.993,1.498,-51.819
1.261,135.950,1.884,-51.561
1.263,135.919,2.116,-51.730
1.259,135.909,1.556,-51.358
1.253,135.907,2.045,-52.059
1.246,135.916,1.864,-51.705
1.243,135.947,1.474,-51.404
1.243,135.967,1.670,-52.159
1.244,135.990,1.338,-51.760
1.241,136.031,1.730,-51.814
1.238,136.040,1.663,-51.898
1.237,136.034,2.368,-51.501
1.230,136.032,1.097,-51.604
1.235,136.019,1.690,-51.454
1.236,135.990,2.026,-52.101
1.237,135.952,2.093,-51.905
1.240,135.916,2.393,-52.198
1.243,135.920,2.057,-51.649
1.246,135.965,1.354,-51.426
1.252,136.002,1.786,-51.674
1.251,135.990,1.203,-52.090
1.250,135.973,1.847,-52.666
1.250,135.970,2.573,-51.598
1.251,135.998,1.912,-51.384
1.266,136.028,1.507,-51.657
1.265,136.031,2.029,-51.727
1.271,136.056,1.552,-51.455
1.285,136.100,1.010,-51.627
1.288,136.128,0.937,-51.599
1.290,136.157,1.780,-51.575
1.289,136.172,1.817,-52.375
1.278,136.195,1.591,-52.058
1.279,136.222,1.614,-52.056
1.271,136.201,1.856,-51.971
1.262,136.189,1.900,-51.572
1.262,136.176,1.930,-52.096
1.254,136.141,1.831,-52.450
1.248,136.114,1.751,-52.004
1.248,136.096,2.378,-52.343
1.249,136.066,2.015,-51.874
1.247,136.068,1.569,-51.395
1.245,136.076,1.742,-51.944
1.241,136.084,1.841,-51.565
1.246,136.118,1.632,-51.664
1.244,136.161,1.903,-52.003
1.239,136.198,2.377,-52.413
1.231,136.247,1.104,-52.397
1.235,136.277,2.095,-51.743
1.236,136.270,2.002,-52.458
1.230,136.247,1.452,-51.792
1.233,136.234,1.546,-51.759
1.234,136.221,2.274,-52.563
1.239,136.228,2.241,-52.171
1.238,136.264,1.094,-52.334
1.244,136.293,1.550,-52.389
1.245,136.306,1.817,-52.055
1.251,136.307,1.457,-51.849
1.258,136.316,1.921,-52.211
1.256,136.321,1.492,-52.095
1.254,136.309,1.871,-52.013
1.249,136.302,1.827,-52.312
1.245,136.308,1.144,-52.559
1.243,136.285,1.862,-51.631
1.237,136.274,2.902,-52.297
1.239,136.272,2.370,-51.562
1.241,136.250,1.638,-52.231
1.245,136.232,2.082,-52.095
1.246,136.217,1.935,-52.001
1.240,136.214,1.803,-52.220
1.234,136.217,1.841,-51.910
1.230,136.187,1.551,-52.249
1.230,136.169,2.008,-51.840
1.230,136.144,2.580,-51.712
1.226,136.128,2.117,-51.634
1.231,136.125,1.691,-52.036
1.231,136.115,1.234,-51.406
1.231,136.099,2.346,-52.349
1.225,136.092,2.236,-51.619
1.224,136.069,1.397,-51.538
1.223,136.057,1.446,-52.371
1.221,136.055,1.656,-51.156
1.214,136.044,2.082,-52.075
1.216,136.018,1.435,-51.819
1.219,135.969,2.160,-51.858
1.215,135.910,2.022,-52.276
1.219,135.855,1.849,-51.041
1.227,135.813,1.033,-51.349
1.231,135.779,1.786,-51.536
1.236,135.777,3.854,-52.196
1.234,135.794,1.859,-50.839
1.243,135.799,2.374,-51.694
1.239,135.795,1.690,-51.095
1.234,135.794,1.809,-51.617
1.235,135.771,1.400,-51.689
1.235,135.754,1.860,-51.554
1.234,135.760,1.789,-51.186
1.236,135.757,1.618,-50.958
1.223,135.747,1.527,-51.358
1.225,135.735,1.879,-51.901
1.228,135.720,0.954,-51.604
1.225,135.674,1.712,-51.323
1.229,135.643,2.080,-51.515
1.229,135.621,1.710,-51.140
1.226,135.608,2.321,-51.271
1.227,135.614,1.333,-51.247
1.231,135.627,1.563,-51.293
1.234,135.632,1.844,-51.487
1.232,135.629,1.398,-51.524
1.232,135.627,1.297,-51.483
1.226,135.629,2.069,-51.089
1.225,135.657,1.448,-51.451
1.224,135.685,1.475,-51.624
1.228,135.718,1.563,-51.454
1.233,135.740,1.087,-51.543
1.238,135.740,2.047,-51.503
1.236,135.703,2.517,-51.566
1.230,135.669,1.596,-50.769
1.226,135.663,1.757,-51.544
1.228,135.665,2.298,-51.577
1.224,135.652,1.995,-51.403
1.220,135.655,1.528,-51.101
1.221,135.661,1.327,-51.639
1.220,135.647,2.280,-51.187
1.223,135.639,2.350,-51.221
1.228,135.655,1.904,-51.113
1.226,135.652,2.003,-51.218
1.221,135.625,1.456,-51.124
1.221,135.599,1.909,-50.859
1.225,135.539,1.746,-51.692
1.230,135.414,1.701,-51.080
1.230,135.300,1.571,-50.668
1.243,135.161,2.212,-50.935
1.273,134.547,5.865,-52.469
1.243,132.897,-1.208,-55.489
1.308,128.863,-0.479,-58.623
0.989,122.888,-43.217,-70.245
0.101,116.665,0.865,-52.420
-0.565,110.690,-128.841,-30.447
-0.021,109.767,25.444,-42.502
-0.162,110.128,-2.492,11.802
-0.205,108.745,2.632,10.194
-0.210,108.656,0.244,9.332
-0.209,108.533,0.474,9.986
-0.215,108.363,0.396,9.547
-0.238,108.306,-0.083,10.378
-0.367,108.495,4.611,3.588
-0.613,109.208,-2.128,24.792
-0.509,109.835,-1.594,0.525
-0.546,109.472,1.393,13.623
-0.551,109.464,-0.415,6.345
-0.558,109.466,0.493,7.993
-0.548,109.475,0.756,9.721
-0.556,109.443,0.427,7.466
-0.554,109.452,-0.004,8.708
-0.557,109.451,0.962,8.961
-0.554,109.453,0.762,9.038
-0.553,109.454,0.012,8.844
-0.555,109.447,0.482,8.382
-0.561,109.453,0.708,9.262
-0.561,109.443,1.145,8.782
-0.556,109.438,0.368,8.755
-0.557,109.433,0.377,8.745
-0.558,109.420,1.084,9.039
-0.559,109.416,0.422,9.114
-0.557,109.410,0.494,8.914
-0.554,109.410,0.230,8.579
-0.554,109.411,0.526,8.588
-0.557,109.407,0.108,9.155
-0.562,109.401,0.201,8.975
-0.567,109.399,0.765,9.419
-0.566,109.395,0.263,8.788
-0.567,109.391,0.460,8.331
-0.568,109.392,0.388,9.175
-0.569,109.387,0.579,8.613
-0.569,109.387,0.689,8.784
-0.569,109.387,0.511,8.910
-0.568,109.386,0.794,8.638
-0.567,109.378,0.793,8.683
-0.578,109.372,0.432,8.488
-0.587,109.365,0.530,9.274
-0.588,109.361,0.167,8.765
-0.593,109.353,0.353,8.690
-0.591,109.357,0.889,8.736
-0.590,109.349,0.500,8.966
-0.591,109.348,0.560,8.737
-0.591,109.343,0.572,8.802
-0.590,109.344,0.532,9.624
-0.593,109.345,0.106,9.092
-0.596,109.344,0.551,8.736
-0.596,109.347,0.502,9.275
-0.599,109.335,0.571,8.634
-0.601,109.332,0.541,8.737
-0.599,109.329,0.267,8.900
-0.604,109.333,0.370,9.273
-0.605,109.333,0.871,8.845
-0.604,109.330,0.635,8.799
-0.605,109.335,0.623,9.096
-0.609,109.326,0.955,8.953
-0.611,109.324,0.699,8.960
-0.618,109.315,0.942,8.526
-0.619,109.306,0.370,9.202
-0.624,109.304,0.485,9.047
-0.624,109.290,0.946,9.006
-0.622,109.288,0.200,9.060
-0.625,109.287,0.549,8.875
-0.627,109.284,0.245,8.774
-0.634,109.277,1.024,9.184
-0.632,109.280,0.782,9.131
-0.631,109.277,0.419,9.049
-0.633,109.281,0.405,8.726
-0.633,109.286,0.527,8.970
-0.630,109.292,0.936,8.701
-0.629,109.287,0.215,9.201
-0.632,109.287,0.589,8.862
-0.636,109.287,0.670,9.348
-0.638,109.287,0.530,9.121
-0.642,109.288,0.794,8.836
-0.641,109.289,0.659,8.939
-0.640,109.289,0.635,8.655
-0.638,109.292,0.717,8.989
-0.638,109.288,0.513,9.102
-0.638,109.283,0.203,9.362
-0.646,109.272,0.543,8.736
-0.642,109.278,0.423,9.247
-0.642,109.268,0.626,9.063
-0.642,109.268,0.770,9.116
-0.644,109.262,0.589,9.224
-0.646,109.257,0.526,9.030
-0.652,109.260,0.435,9.000
-0.646,109.258,0.479,8.688
-0.647,109.258,0.805,9.011
-0.647,109.252,0.500,9.140
-0.650,109.258,0.373,9.086
-0.657,109.258,0.499,8.589
-0.660,109.260,0.599,8.832
-0.661,109.256,0.715,8.825
-0.663,109.250,0.605,8.798
-0.664,109.250,0.530,8.732
-0.665,109.257,0.548,8.978
-0.665,109.266,1.074,8.758
-0.666,109.262,0.908,8.824
-0.667,109.249,0.500,9.202
-0.663,109.252,0.636,8.900
-0.663,109.246,0.344,9.442
-0.660,109.245,0.435,8.803
-0.663,109.251,0.517,9.030
-0.666,109.251,0.417,9.197
-0.666,109.248,0.894,8.682
-0.664,109.253,0.488,9.434
-0.665,109.251,0.981,8.717
-0.669,109.254,1.140,9.201
-0.672,109.251,0.786,8.964
-0.673,109.242,0.765,8.893
-0.671,109.245,0.622,8.875
-0.671,109.245,0.554,8.561
-0.669,109.251,0.876,8.870
-0.668,109.255,0.587,9.008
-0.665,109.264,0.502,9.155
-0.665,109.263,1.070,8.434
-0.667,109.249,0.433,9.207
-0.668,109.247,0.371,8.994
-0.669,109.243,0.715,9.010
-0.670,109.251,0.768,8.687
-0.670,109.250,0.734,8.868
-0.672,109.244,0.749,9.414
-0.668,109.249,0.642,9.028
-0.669,109.250,0.435,9.096
-0.675,109.251,0.653,9.282
-0.678,109.250,0.684,8.886
-0.678,109.257,0.666,9.131
-0.678,109.257,0.493,8.837
-0.682,109.254,0.485,9.217
-0.680,109.251,0.606,8.871
-0.678,109.252,0.627,9.119
-0.677,109.250,0.575,9.127
-0.680,109.241,0.750,8.683
-0.678,109.244,0.985,8.934
-0.673,109.246,0.374,9.243
-0.672,109.246,0.341,9.358
-0.671,109.247,0.920,9.279
-0.672,109.240,0.799,8.981
-0.676,109.245,0.545,8.933
-0.675,109.245,0.497,9.132
-0.679,109.244,0.594,9.115
-0.680,109.243,0.360,8.862
-0.680,109.247,0.733,8.792
-0.676,109.258,0.402,9.082
-0.678,109.257,0.560,8.804
-0.681,109.255,0.370,9.258
-0.684,109.