0.03,-0.00,0.04
0.03,-0.01,0.04
0.03,-0.01,0.04
0.03,-0.01,0.04
0.03,-0.01,0.04
0.03,-0.01,0.04
0.03,-0.01,0.04
0.02,-0.01,0.04
0.02,-0.01,0.04
0.02,-0.01,0.04
0.01,-0.02,0.04
0.01,-0.02,0.03
0.00,-0.02,0.03
0.01,-0.01,0.04
0.01,0.01,0.04
0.01,0.02,0.04
0.00,0.02,0.04
0.01,0.02,0.04
0.01,0.03,0.04
0.02,0.04,0.04
0.01,0.04,0.04
0.01,0.04,0.04
0.00,0.03,0.04
-0.00,0.02,0.04
-0.01,0.02,0.04
-0.00,0.03,0.04
-0.01,0.03,0.04
-0.01,0.02,0.05
-0.01,0.02,0.04
-0.00,0.02,0.04
-0.00,0.02,0.04
-0.00,0.03,0.04
-0.00,0.04,0.04
-0.00,0.03,0.04
-0.01,0.03,0.04
-0.01,0.03,0.04
-0.01,0.03,0.04
-0.01,0.01,0.04
-0.01,-0.00,0.04
-0.01,-0.00,0.04
-0.01,0.01,0.05
-0.01,0.01,0.05
-0.01,-0.00,0.04
-0.01,-0.00,0.04
-0.01,0.01,0.04
-0.01,0.02,0.04
-0.01,0.02,0.05
-0.01,0.01,0.04
-0.00,0.01,0.04
-0.00,0.01,0.04
-0.00,0.01,0.04
-0.00,0.02,0.04
-0.01,0.01,0.04
-0.01,0.00,0.04
-0.01,0.00,0.04
-0.00,0.00,0.04
-0.00,0.01,0.04
-0.00,0.02,0.04
-0.01,0.01,0.05
-0.01,0.01,0.05
-0.00,0.03,0.05
-0.00,0.03,0.04
-0.00,0.03,0.05
0.00,0.02,0.05
-0.00,0.02,0.05
-0.00,0.02,0.04
0.00,0.02,0.04
-0.00,0.03,0.05
-0.00,0.04,0.05
-0.01,0.03,0.04
-0.01,0.03,0.05
-0.00,0.04,0.04
-0.00,0.05,0.04
-0.00,0.04,0.04
-0.01,0.05,0.04
-0.01,0.04,0.05
-0.01,0.03,0.04
-0.01,0.03,0.04
-0.00,0.03,0.04
-0.00,0.03,0.04
-0.00,0.02,0.04
-0.00,0.02,0.04
-0.00,0.02,0.04
-0.00,0.02,0.04
-0.00,0.02,0.04
-0.00,0.01,0.04
-0.00,0.01,0.03
-0.00,0.01,0.03
-0.00,0.01,0.03
-0.00,0.00,0.03
-0.00,0.00,0.04
-0.01,0.00,0.04
-0.00,0.00,0.04
0.00,0.01,0.04
0.00,0.01,0.04
-0.00,0.00,0.04
-0.01,-0.00,0.04
-0.00,-0.01,0.04
-0.00,-0.01,0.04
-0.00,-0.00,0.03
-0.01,0.00,0.04
-0.00,0.01,0.04
-0.01,0.00,0.04
-0.01,-0.00,0.04
-0.01,-0.01,0.04
-0.01,-0.01,0.04
-0.01,-0.01,0.04
-0.01,-0.01,0.04
-0.01,-0.02,0.04
-0.02,-0.03,0.04
-0.03,-0.03,0.04
-0.05,-0.03,0.04
-0.06,-0.07,0.04
-0.06,-0.09,0.04
-0.05,-0.10,0.04
-0.05,-0.10,0.04
-0.05,-0.09,0.04
-0.05,-0.09,0.04
-0.05,-0.10,0.04
-0.05,-0.11,0.04
-0.05,-0.11,0.04
-0.05,-0.10,0.05
-0.05,-0.11,0.05
-0.06,-0.11,0.04
-0.05,-0.12,0.05
-0.05,-0.13,0.05
-0.05,-0.12,0.05
-0.05,-0.11,0.05
-0.05,-0.12,0.05
-0.05,-0.12,0.05
-0.06,-0.12,0.05
-0.05,-0.11,0.04
-0.05,-0.11,0.04
-0.05,-0.11,0.04
-0.05,-0.11,0.04
-0.04,-0.11,0.04
-0.04,-0.11,0.04
-0.04,-0.12,0.04
-0.05,-0.11,0.04
-0.04,-0.10,0.04
-0.04,-0.21,0.04
-0.05,-0.25,0.04
-0.05,-0.26,0.03
-0.05,-0.27,0.04
-0.05,-0.25,0.03
-0.05,-0.25,0.03
-0.06,-0.23,0.03
-0.05,-0.14,0.03
-0.06,-0.20,0.03
-0.07,-0.02,0.04
-0.09,0.02,0.04
-0.50,0.20,-2.09
-1.10,0.05,-5.96
-1.69,-0.06,-9.84
-1.56,-0.24,-8.76
-1.69,-0.17,-8.15
-1.78,0.10,-6.76
-1.83,0.48,-5.05
-1.89,0.79,-3.95
-1.91,0.90,-2.89
-1.98,0.82,-2.51
-2.07,0.54,-2.00
-2.11,0.18,-1.57
-2.12,-0.47,-1.50
-2.02,-0.94,-1.00
-1.77,-1.71,-0.62
-1.88,-2.74,-0.89
-2.74,-5.37,-2.52
-3.50,-9.18,-6.29
-1.35,-14.17,-12.01
1.79,-19.65,-17.48
5.19,-25.38,-23.12
8.78,-30.86,-27.67
12.69,-35.41,-31.28
16.92,-38.14,-34.08
22.49,-39.44,-35.94
28.08,-39.52,-35.55
33.92,-40.08,-33.01
39.75,-40.65,-28.96
45.34,-39.33,-23.56
50.08,-36.46,-21.10
50.14,-32.41,-24.17
44.47,-26.64,-29.89
39.30,-21.36,-35.11
33.63,-15.58,-40.83
28.21,-10.05,-44.34
22.54,-4.28,-45.50
18.97,-1.17,-46.11
17.15,-1.00,-44.24
18.75,-1.44,-40.93
24.12,-3.15,-35.76
29.45,-8.38,-30.47
35.29,-14.11,-24.68
40.87,-19.59,-19.14
46.71,-25.32,-14.10
48.85,-26.78,-11.81
46.26,-21.42,-13.34
40.59,-15.64,-17.19
35.17,-11.87,-22.26
29.50,-6.77,-27.98
24.33,-1.49,-33.20
18.66,4.29,-38.55
13.24,9.81,-40.94
9.57,10.72,-39.95
8.21,8.30,-37.31
9.75,4.41,-34.46
13.12,-0.20,-31.36
17.74,-5.93,-27.02
23.32,-11.41,-22.16
29.16,-17.13,-17.85
34.74,-22.61,-15.22
37.65,-28.34,-12.95
36.56,-33.82,-11.11
34.07,-39.55,-9.54
31.03,-37.95,-8.93
27.41,-33.47,-8.02
21.99,-29.74,-8.71
16.32,-24.07,-10.27
10.65,-18.29,-12.54
5.23,-13.20,-14.73
-0.44,-9.74,-15.53
-3.09,-7.03,-15.28
-5.69,-4.64,-15.12
-7.08,-0.40,-14.56
-6.98,4.42,-13.96
-5.15,7.27,-12.77
-4.18,8.94,-11.18
-0.84,8.28,-10.57
4.09,6.45,-10.15
9.68,2.00,-10.00
15.51,-3.73,-10.83
21.10,-9.20,-11.91
26.68,-14.68,-14.03
32.27,-20.16,-14.65
36.85,-25.89,-15.31
40.21,-31.37,-13.87
42.35,-31.40,-10.13
40.47,-26.30,-8.02
34.80,-20.52,-5.56
29.13,-14.74,-3.57
23.71,-9.21,-2.37
18.29,-3.69,-0.61
12.86,1.84,1.71
7.20,7.62,4.01
1.77,13.14,6.05
-2.13,18.67,8.72
-0.03,20.34,11.18
5.71,14.83,15.03
11.30,9.35,19.37
17.13,3.62,24.35
22.72,-1.86,28.07
28.30,-7.34,30.55
33.14,-12.81,31.90
35.51,-18.54,31.98
35.80,-24.02,32.14
34.33,-29.75,32.47
33.31,-35.23,32.29
30.55,-32.97,32.60
26.05,-27.19,34.36
21.31,-21.91,36.99
15.64,-16.13,40.62
10.78,-10.61,43.93
6.29,-4.83,48.30
2.11,0.70,51.60
-3.55,6.48,54.72
-8.98,12.00,57.66
-13.41,17.53,60.66
-12.24,16.48,63.33
-6.78,10.75,66.58
-1.20,5.27,70.32
4.64,-0.46,74.04
10.22,-5.94,76.14
14.55,-11.42,77.18
16.66,-16.90,77.63
17.69,-22.62,77.22
18.54,-28.10,76.83
18.45,-33.83,76.04
17.79,-35.34,75.43
15.77,-30.13,74.95
11.71,-24.35,74.58
7.33,-18.83,75.32
4.12,-13.30,76.59
0.72,-7.77,77.43
-3.88,-1.99,78.49
-9.31,3.53,79.65
-14.97,9.31,81.49
-20.40,14.84,82.45
-25.82,20.36,83.38
-30.01,24.76,85.46
-30.30,20.12,87.25
-27.71,14.64,89.47
-23.79,8.91,92.86
-18.88,3.43,94.41
-14.27,-2.30,94.55
-13.33,-7.78,92.08
-17.08,-13.26,89.08
-20.14,-18.74,85.85
-21.23,-24.46,82.34
-20.14,-29.48,78.90
-17.12,-27.05,77.32
-13.05,-21.27,76.67
-9.76,-15.74,76.38
-7.73,-14.57,76.79
-7.02,-17.29,79.03
-5.25,-22.77,83.66
-1.67,-28.25,86.92
3.07,-29.14,87.60
4.97,-26.19,86.70
2.69,-20.41,84.96
-1.17,-14.88,81.88
-6.33,-9.35,77.36
-11.75,-3.83,71.89
-17.42,1.95,66.17
-22.84,7.48,61.55
-28.51,13.26,57.86
-33.93,18.78,56.80
-39.60,24.56,56.75
-45.02,30.09,57.62
-49.69,35.62,59.40
-53.30,41.14,61.56
-55.26,46.18,64.34
-55.36,49.36,68.31
-54.27,51.86,73.18
-52.38,54.11,78.28
-49.43,55.77,83.82
-44.67,57.28,89.61
-39.95,56.82,95.14
-36.87,55.22,98.30
-35.07,52.43,101.61
-32.83,50.54,104.34
-29.94,49.76,105.78
-26.74,46.48,107.52
-24.28,41.00,110.11
-22.72,35.28,113.45
-21.96,29.80,115.76
-21.67,24.07,117.68
-22.50,18.59,119.46
-23.65,12.86,122.35
-24.99,7.13,126.56
-27.71,1.66,131.72
-31.85,-4.07,137.51
-37.27,-9.55,142.96
-42.70,-15.03,147.54
-48.12,-17.38,150.48
-53.79,-16.53,151.73
-59.21,-14.44,150.72
-64.88,-12.32,147.99
-70.30,-11.73,145.40
-75.30,-12.43,143.72
-79.05,-12.67,143.17
-82.86,-12.34,143.12
-86.08,-10.85,143.23
-88.77,-7.83,142.75
-89.82,-4.11,142.36
-89.38,0.26,142.45
-87.57,4.80,142.65
-84.70,9.44,144.02
-82.01,15.02,146.78
-78.53,20.30,150.08
-73.40,26.08,154.39
-68.06,31.60,159.83
-63.40,37.38,165.62
-59.41,42.91,170.39
-55.60,48.69,173.94
-52.70,54.21,174.84
-50.82,59.99,174.64
-48.44,65.52,175.58
-45.13,70.34,177.62
-41.34,72.66,179.89
-38.34,74.87,180.71
-36.53,77.67,180.43
-35.00,80.37,179.94
-34.08,81.93,179.35
-34.08,82.30,178.50
-35.11,81.61,178.07
-36.59,80.01,177.77
-38.43,77.41,177.83
-40.32,73.36,178.10
-43.19,67.63,178.67
-46.91,62.15,179.06
-52.35,56.43,179.43
-57.77,50.95,179.06
-63.44,45.22,177.42
-68.86,39.74,175.10
-74.53,34.01,171.93
-79.31,29.38,168.66
-83.53,25.75,165.72
-86.70,23.05,163.53
-89.74,21.04,161.48
-92.21,19.69,160.25
-94.96,17.92,160.62
-97.11,16.77,162.22
-99.15,18.12,164.75
-100.49,20.63,167.82
-101.34,24.10,172.18
-101.40,28.69,177.22
-100.64,32.81,182.30
-99.52,37.66,187.37
-98.01,42.15,191.60
-96.03,45.64,194.70
-92.90,48.17,196.12
-87.76,49.55,196.52
-82.18,49.26,196.73
-76.34,48.40,196.20
-70.76,47.53,195.26
-64.92,47.04,194.59
-59.33,47.30,193.58
-53.50,48.08,191.82
-47.91,47.62,189.20
-44.61,48.13,187.05
-46.17,50.89,184.87
-50.73,55.92,181.08
-56.15,61.08,176.60
-61.82,65.51,173.44
-67.49,67.99,173.15
-72.91,67.79,175.26
-78.58,66.65,178.35
-84.00,66.86,179.81
-89.67,65.80,181.84
-94.91,62.70,184.52
-99.62,59.33,187.36
-104.70,58.58,189.17
-109.81,60.49,189.50
-113.43,62.74,188.57
-114.67,62.75,187.46
-114.37,60.22,186.59
-113.63,57.97,185.10
-111.64,56.80,182.82
-108.57,55.48,179.65
-103.54,55.04,176.52
-97.70,54.74,173.85
-92.12,53.28,172.57
-86.28,51.03,170.93
-80.44,47.56,166.29
-74.86,43.30,163.78
-69.02,39.17,165.16
-66.37,37.64,168.08
-68.25,38.43,170.67
-73.04,40.67,172.95
-78.71,43.20,175.35
-84.13,45.97,177.45
-89.80,48.13,179.13
-95.22,49.25,181.78
-100.83,50.68,184.82
-105.04,52.67,186.93
-110.02,55.36,189.47
-115.22,58.79,191.08
-120.89,64.57,191.90
-125.20,68.66,190.79
-124.24,69.55,189.68
-122.59,67.70,189.17
-119.51,64.61,188.54
-115.97,61.56,186.68
-110.68,59.56,183.76
-104.85,57.65,180.19
-99.26,55.52,176.56
-93.42,53.04,173.09
-88.09,50.41,169.95
-82.26,48.35,166.64
-76.67,48.94,164.52
-71.11,50.56,164.03
-71.73,52.41,164.86
-76.14,54.47,165.78
-81.56,57.12,166.33
-87.23,60.28,166.67
-92.65,63.50,167.13
-98.32,64.18,169.03
-103.74,62.14,171.39
-109.41,62.52,172.03
-115.08,64.75,170.53
-119.42,64.09,169.75
-122.87,61.67,169.82
-124.97,63.17,169.82
-123.35,65.38,170.00
-119.00,64.44,170.25
-113.77,63.28,170.16
-109.88,64.17,170.02
-104.27,65.39,170.35
-98.68,64.58,168.97
-93.53,64.57,166.98
-92.47,65.29,166.22
-94.73,67.37,166.93
-97.86,71.42,167.87
-99.90,76.02,167.51
-101.09,78.52,166.95
-102.12,78.08,166.10
-103.19,74.63,165.97
-107.36,72.04,167.33
-113.03,74.46,167.63
-107.45,68.98,165.39
-106.56,68.70,165.22
-105.91,68.10,165.41
-106.07,69.16,165.58
-105.54,71.51,164.18
-100.83,72.45,165.72
-95.49,71.58,168.71
-90.62,69.25,171.35
-85.20,66.07,172.88
-80.48,64.52,173.17
-78.93,64.55,173.03
-80.22,64.81,173.00
-83.41,64.85,172.61
-89.08,63.80,172.52
-94.50,62.29,172.32
-100.17,68.07,168.72
-98.62,67.90,172.26
-98.72,66.74,173.52
-97.06,68.56,173.19
-93.34,71.05,172.09
-87.50,71.77,171.78
-81.94,71.21,172.91
-76.47,69.27,173.94
-72.28,68.43,175.58
-69.95,68.78,174.58
-70.08,70.74,172.41
-74.24,73.56,169.53
-79.67,74.80,165.37
-85.09,73.64,159.90
-90.51,68.16,165.44
-91.88,69.59,166.27
-91.02,69.31,167.85
-91.56,69.91,167.69
-90.29,70.68,167.51
-86.61,70.74,168.41
-82.69,71.35,169.11
-79.70,72.54,169.58
-77.47,74.42,169.67
-74.36,75.88,169.59
-73.21,77.32,170.20
-74.41,78.53,170.81
-79.40,77.44,170.51
-84.82,72.63,169.66
-90.49,67.85,167.42
-94.40,63.60,170.66
-93.69,64.66,171.05
-94.35,68.07,170.33
-91.96,70.76,170.87
-87.30,71.79,172.79
-82.28,71.65,175.58
-76.99,71.80,177.03
-73.08,72.27,176.50
-72.13,72.84,175.93
-74.50,72.58,175.06
-79.78,70.57,174.14
-85.20,67.15,172.60
-90.87,65.91,168.03
-91.67,65.70,167.71
-89.88,66.52,166.95
-90.20,69.03,166.28
-87.05,71.17,166.82
-82.38,71.69,168.41
-77.78,72.11,169.80
-73.80,72.49,171.26
-70.37,72.16,172.36
-69.21,71.87,172.45
-70.72,70.95,171.86
-74.59,69.07,171.37
-80.01,65.96,170.81
-85.43,64.25,169.31
-88.85,67.69,168.18
-87.33,65.46,170.46
-87.76,65.44,170.83
-88.87,66.40,170.49
-86.16,66.98,170.48
-82.15,65.63,171.90
-78.72,65.31,173.36
-74.94,66.73,174.67
-71.67,66.78,175.67
-70.08,67.16,175.69
-70.59,67.78,174.90
-72.59,67.89,173.99
-75.83,67.08,173.34
-81.28,65.60,173.11
-86.70,66.45,171.37
-90.42,65.96,171.51
-88.03,64.80,171.77
-86.91,64.14,171.87
-84.65,63.98,171.90
-80.41,63.87,172.50
-76.46,64.96,173.74
-72.00,66.61,175.30
-68.78,67.24,175.78
-67.12,68.02,175.47
-66.97,68.79,174.83
-68.58,69.00,174.49
-71.93,67.93,174.29
-76.99,65.94,173.98
-82.65,66.02,172.38
-88.08,71.54,173.53
-87.01,69.89,174.14
-85.18,68.99,173.67
-83.93,69.11,173.71
-80.21,68.26,173.62
-75.19,65.30,174.44
-70.14,59.82,175.95
-65.98,54.10,178.55
-63.77,48.62,180.08
-62.22,43.14,180.94
-63.23,37.66,180.33
-68.45,31.93,175.46
-73.80,26.20,169.74
-75.52,20.72,164.27
-77.99,15.00,158.56
-80.22,14.87,153.09
-82.06,19.00,150.77
-83.68,24.52,152.92
-86.19,30.30,158.15
-89.96,35.83,163.69
-95.47,41.61,169.48
-100.51,47.13,175.01
-104.61,52.91,180.80
-107.91,58.44,185.09
-108.10,64.22,187.07
-106.05,58.95,188.10
-100.21,53.23,189.03
-94.63,47.75,189.42
-89.67,42.02,189.97
-85.72,36.29,190.54
-83.60,30.81,191.05
-83.08,25.08,192.67
-83.91,26.07,192.84
-86.63,31.84,192.63
-91.36,37.37,192.85
-96.06,43.15,192.79
-100.21,48.68,193.09
-105.19,54.45,194.27
-107.80,58.15,193.73
-104.06,52.43,192.42
-98.48,46.95,192.10
-93.87,41.22,190.46
-91.22,35.74,187.99
-88.82,30.01,184.58
-84.98,26.37,181.95
-82.38,32.14,181.06
-86.08,37.67,179.93
-91.75,43.45,177.24
-97.42,49.23,175.57
-102.84,54.75,174.66
-108.51,60.53,172.56
-113.04,63.07,169.73
-109.92,57.35,169.07
-104.74,51.87,170.70
-100.52,46.14,172.55
-98.81,46.23,172.78
-98.84,51.70,172.01
-99.98,56.86,170.79
-101.89,59.05,169.02
-103.74,57.82,167.39
-105.90,53.68,167.12
-110.23,49.83,168.28
-115.89,50.09,168.43
-117.18,55.62,172.02
-115.41,57.57,171.31
-113.86,60.94,169.98
-111.68,63.12,170.93
-108.14,64.64,172.07
-104.41,64.96,173.39
-101.24,64.17,174.49
-99.51,63.35,175.19
-99.72,62.54,175.31
-101.98,61.83,175.58
-106.05,60.56,175.56
-111.37,59.56,175.42
-117.04,60.55,173.83
-118.36,59.63,173.83
-115.35,61.47,172.21
-113.28,63.14,171.23
-109.80,65.18,170.89
-105.68,67.25,170.22
-102.79,68.51,171.22
-100.65,68.86,172.49
-99.59,68.21,172.93
-100.61,66.27,173.19
-103.80,63.48,173.42
-109.47,59.96,173.80
-114.89,58.40,173.60
-115.02,58.93,173.43
-113.61,59.43,173.02
-112.54,61.09,171.80
-110.06,61.16,171.41
-106.30,59.48,172.39
-103.31,58.19,173.94
-101.35,58.11,175.16
-100.67,59.14,175.64
-101.56,60.15,175.74
-103.99,60.89,175.56
-107.93,60.68,175.25
-112.87,59.87,174.89
-113.81,60.47,173.33
-112.10,61.07,173.10
-110.09,63.27,172.23
-107.05,64.88,172.47
-102.67,65.81,173.47
-98.04,65.82,175.04
-94.40,64.87,176.31
-92.41,64.08,176.74
-93.12,63.55,176.67
-96.50,63.12,176.31
-101.88,61.79,175.94
-107.55,60.25,175.32
-111.29,57.77,172.66
-109.81,58.37,173.14
-107.21,60.07,172.24
-105.38,62.15,171.60
-102.40,62.78,171.68
-99.29,62.35,172.61
-96.58,61.51,173.90
-95.04,61.27,174.34
-95.73,61.28,174.17
-98.26,61.22,173.81
-102.50,60.36,173.35
-107.59,59.29,173.21
-108.02,63.08,173.97
-106.15,64.51,173.95
-103.14,66.76,173.40
-101.12,67.97,174.16
-98.55,69.05,175.26
-96.40,69.40,176.11
-94.79,68.66,176.86
-94.07,67.69,177.16
-95.37,66.84,177.15
-98.58,66.43,176.47
-103.61,65.03,175.57
-109.03,63.97,174.79
-108.60,63.37,175.34
-105.85,64.60,175.55
-102.94,66.56,175.47
-99.54,67.77,176.51
-95.59,68.31,177.73
-91.14,68.21,178.53
-87.49,67.63,178.71
-86.06,67.20,178.36
-86.77,66.96,177.97
-89.91,66.59,177.94
-95.03,65.41,177.77
-100.70,63.02,178.06
-95.11,68.55,177.04
-94.15,69.04,177.15
-94.77,68.42,177.84
-95.81,67.98,178.58
-95.15,65.97,179.58
-94.11,62.53,180.33
-93.64,60.13,181.13
-92.88,58.75,182.40
-92.15,58.55,183.49
-91.08,59.40,184.09
-90.22,60.25,183.78
-88.94,59.95,183.23
