4,-201
1332,-52,15620,-480,-135,-234
1372,-152,15588,-489,-139-40,15720,-455,-118,-215
1504,-172,15576,-471,-154,-197
1408,-64,15692,-454,-145,-231
1324,-12,15708,-475,-125,-200
1316,-212,15604,-473,-120,-219
1368,-152,15584,-476,-165,-221
1456,-88,15544,-478,-147,-227
1432,-128,15752,-474,-98,-183
1360,-164,15644,-458,-124,-212
1180,-72,15704,-486,-129,-209
1380,-116,15604,-473,-142,-208
1260,-172,15640,-473,-147,-211
1288,-144,15596,-483,-141,-204
1288,-52,15872,-517,-122,-194
1460,-92,15708,-451,-134,-218
1356,-120,15668,-493,-166,-209
1236,-84,15640,-471,-140,-196
1348,-108,15708,-468,-150,-208
1324,-140,15776,-487,-95,-215
1428,-152,15664,-454,-119,-207
1304,-128,15648,-493,-151,-204
1340,-144,15620,-477,-134,-200
1200,-108,15564,-483,-144,-214
1404,-56,15708,-479,-144,-227
1392,-132,15668,-487,-143,-210
1204,-204,15584,-491,-123,-209
1332,-148,15520,-455,-162,-192
1332,-128,15660,-483,-147,-206
1288,-144,15636,-462,-127,-209
1508,-112,15660,-449,-89,-202
1296,-92,15616,-497,-146,-213
1296,-16,15744,-492,-132,-217
1204,-76,15584,-467,-134,-198
1312,-92,15740,-463,-122,-211
1376,-156,15588,-502,-114,-196
1436,-128,15680,-487,-142,-212
1296,-184,15784,-490,-182,-212
1228,-192,15648,-497,-124,-211
1420,-64,15580,-479,-149,-219
1276,-128,15624,-488,-163,-186
1416,-64,15676,-496,-123,-210
1284,-244,15640,-471,-117,-198
1348,-132,15556,-479,-142,-179
1352,-140,15852,-471,-187,-200
1264,-164,15816,-488,-139,-191
1276,-108,15748,-482,-139,-221
1364,-180,15568,-472,-131,-202
1324,-292,15644,-486,-166,-196
1432,12,15608,-474,-122,-212
1324,-136,15584,-508,-147,-208
1260,-92,15748,-462,-112,-215
1364,-76,15636,-450,-146,-219
1396,-128,15676,-500,-149,-202
1380,-88,15604,-470,-112,-202
1432,-40,15748,-442,-123,-223
1412,-112,15596,-505,-137,-199
1236,-60,15832,-460,-109,-214
1304,-20,15784,-502,-151,-212
1352,-104,15512,-470,-112,-200
1268,-72,15656,-502,-136,-200
1388,-108,15668,-502,-138,-195
1264,-120,15612,-492,-140,-197
1392,-156,15472,-492,-47,-213
1340,-124,15608,-473,-101,-203
1532,-232,15004,-503,10,-234
1472,452,17084,-395,-309,-170
712,128,15204,-431,-190,-144
1156,-460,15156,-639,-222,-281
1748,-348,16716,-570,-17,-229
1324,-360,15552,-338,-217,-145
1060,-296,15208,-473,60,-240
1288,176,15868,-513,41,-224
1312,-44,16280,-439,-165,-157
1092,-104,15332,-482,-112,-232
1272,-220,15736,-507,-144,-216
1344,-84,15908,-426,-113,-195
1244,-40,15568,-483,-118,-214
1296,8,15696,-518,-113,-224
1408,8,15936,-471,-190,-195
1452,-228,15332,-457,-205,-208
1556,60,15712,-495,-123,-203
1360,-164,15812,-488,-119,-218
1352,-80,15528,-455,-137,-195
1284,-140,15664,-504,-130,-222
1412,-148,15632,-472,-132,-200
1352,-188,15492,-462,-140,-203
1320,-52,15636,-480,-120,-211
1296,-116,15840,-492,-170,-204
1228,-64,15488,-475,-139,-192
1280,-216,15532,-483,-123,-213
1404,-160,15628,-482,-135,-218
1344,-28,15712,-466,-157,-195
1328,-124,15656,-481,-121,-221
1300,-180,15620,-483,-104,-212
1348,-184,15664,-461,-132,-180
1308,-180,15672,-495,-131,-200
1216,-132,15624,-465,-152,-219
1240,-128,15620,-466,-134,-202
1248,-128,15556,-497,-128,-205
1340,-88,15580,-481,-108,-194
1280,-68,15724,-496,-157,-198
1224,-164,15752,-473,-129,-195
1320,-128,15716,-495,-149,-209
1312,-176,15732,-461,-134,-197
1232,-204,15724,-491,-132,-210
1412,-108,15784,-472,-143,-186
1300,-132,15708,-491,-146,-202
1288,-80,15588,-498,-167,-189
1460,-100,15564,-480,-168,-225
1364,-176,15764,-465,-109,-217
1384,-116,15664,-479,-120,-217
1276,-180,15780,-483,-116,-221
1336,-68,15692,-474,-151,-195
1264,-80,15584,-471,-136,-207
1344,-92,15800,-466,-139,-201
1244,-108,15604,-493,-110,-234
1412,-84,15664,-471,-125,-201
1292,-84,15688,-497,-112,-207
1472,-96,15588,-476,-135,-210
1144,-112,15472,-514,-108,-183
1336,-148,15736,-485,-136,-204
1252,-92,15656,-474,-148,-201
1252,-92,15708,-468,-145,-201
1328,-232,15704,-490,-135,-200
1324,-124,15640,-487,-133,-211
1384,-160,15648,-446,-162,-206
1316,-96,15604,-490,-163,-211
1380,-144,15704,-481,-140,-196
1280,-92,15564,-486,-134,-203
1248,-100,15644,-495,-123,-209
1268,-28,15668,-489,-147,-184
1344,-120,15660,-474,-125,-223
1404,-164,15532,-477,-124,-233
1272,-180,15688,-476,-122,-207
1296,-36,15612,-492,-115,-218
1240,-148,15804,-486,-129,-199
1312,-180,15780,-475,-123,-200
1344,-220,15664,-483,-138,-229
1160,-168,15740,-469,-139,-217
1472,-32,15520,-495,-155,-213
1480,-136,15600,-491,-171,-200
1272,-32,15760,-487,-118,-201
1308,-176,15544,-473,-90,-198
1304,-164,15792,-482,-141,-205
1432,-44,15576,-488,-148,-228
1312,-148,15720,-472,-128,-194
1392,-76,15660,-479,-119,-216
1184,-64,15676,-489,-134,-209
1288,-92,15484,-487,-168,-205
1268,-144,15616,-493,-158,-211
1368,-116,15492,-493,-177,-180
1380,-104,15620,-478,-114,-196
1468,-112,15752,-463,-136,-206
1328,-256,15604,-466,-136,-228
1388,-168,15652,-503,-126,-215
1304,-184,15728,-474,-111,-190
1260,-112,15704,-465,-139,-218
1280,-160,15668,-497,-149,-205
1280,-156,15720,-479,-121,-214
1264,-128,15536,-489,-125,-208
1328,-192,15768,-469,-131,-192
1292,-96,15744,-486,-151,-209
1308,-156,15620,-480,-164,-195
1356,-160,15728,-469,-133,-193
1392,-96,15724,-493,-127,-194
1284,-116,15564,-468,-145,-193
1124,-84,15636,-467,-133,-189
1244,-64,15780,-484,-140,-204
1356,-212,15648,-470,-120,-209
1296,-196,15572,-453,-154,-226
1320,-240,15684,-471,-149,-199
1412,-48,15752,-462,-118,-202
1288,-48,15644,-480,-157,-191
1316,-132,15620,-467,-142,-196
1352,-120,15720,-461,-131,-210
1224,-156,15660,-487,-133,-221
1328,-200,15728,-488,-159,-201
1288,-68,15616,-450,-140,-211
1364,-100,15756,-491,-128,-220
1388,-132,15536,-503,-123,-206
1284,-64,15588,-490,-123,-212
1304,-116,15624,-464,-148,-195
1304,-172,15600,-478,-141,-180
1212,-136,15676,-469,-138,-205
1364,-96,15656,-473,-144,-201
1320,-40,15652,-468,-116,-217
1428,-16,15644,-518,-155,-199
1364,-184,15632,-469,-129,-204
1284,-76,15652,-473,-115,-189
1208,-36,15828,-474,-156,-204
1304,-116,15724,-479,-125,-192
1468,44,15636,-483,-143,-215
1388,-48,15576,-479,-144,-223
1368,-60,15664,-474,-138,-189
1256,-144,15784,-480,-136,-229
1256,-64,15660,-494,-150,-201
1272,-144,15760,-475,-163,-212
1396,-60,15816,-488,-125,-208
1280,-76,15620,-497,-140,-194
1216,-156,15488,-487,-124,-203
1324,-148,15756,-478,-146,-192
1260,-116,15640,-486,-156,-190
1300,-128,15556,-489,-147,-228
1232,-224,15568,-505,-144,-208
1348,-84,15660,-465,-135,-194
1188,-132,15604,-456,-167,-195
1364,-100,15644,-477,-136,-186
1236,-88,15776,-468,-158,-195
1324,-60,15756,-473,-145,-192
1276,-132,15788,-483,-125,-213
1216,-180,15684,-484,-126,-229
1288,-160,15792,-480,-120,-196
1296,-196,15608,-473,-137,-223
1380,-180,15656,-468,-119,-197
1296,-136,15592,-470,-156,-209
1380,-148,15724,-490,-98,-206
1264,-112,15792,-479,-135,-185
1280,-72,15632,-475,-141,-188
1224,-84,15544,-484,-143,-199
1292,-148,15492,-452,-145,-202
1304,-84,15592,-469,-144,-175
1252,-156,15728,-481,-159,-225
1316,-116,15552,-483,-121,-185
1308,-160,15656,-512,-138,-189
1376,-64,15668,-471,-128,-207
1340,-144,15640,-465,-111,-173
1284,-12,15772,-454,-157,-223
1304,-220,15744,-477,-131,-196
1304,-124,15692,-468,-147,-202
1200,-84,15576,-452,-147,-205
1276,-124,15680,-497,-120,-205
1324,-40,15780,-492,-136,-173
1292,-60,15788,-472,-125,-186
1368,-136,15700,-501,-152,-203
1380,-124,15740,-455,-120,-205
1280,-176,15672,-492,-169,-226
1232,-144,15724,-471,-166,-202
1316,-64,15764,-475,-115,-222
1392,-88,15568,-478,-152,-222
1372,-140,15628,-460,-128,-209
1272,-228,15632,-480,-134,-201
1368,-156,15656,-476,-123,-214
1324,-152,15592,-471,-149,-194
1316,-64,15716,-486,-163,-225
1256,-92,15692,-496,-129,-219
1376,-92,15692,-456,-132,-207
1256,-44,15732,-509,-143,-186
1364,-56,15636,-482,-140,-210
1320,-36,15540,-469,-115,-210
1240,-188,15600,-486,-144,-207
1280,-84,15736,-477,-146,-208
1324,-96,15740,-452,-135,-196
1352,-84,15588,-473,-150,-226
1356,-28,15780,-481,-147,-207
1364,-164,15604,-507,-158,-228
1260,-84,15748,-450,-118,-208
1276,-156,15668,-474,-157,-203
1264,-88,15636,-474,-154,-210
1324,-84,15652,-487,-138,-208
1376,-96,15632,-487,-148,-229
1268,-104,15656,-497,-112,-209
1256,-180,15616,-452,-151,-200
1308,-52,15700,-492,-143,-187
1380,-52,15616,-490,-150,-224
1348,-36,15632,-462,-152,-232
1296,-144,15792,-488,-141,-202
1332,-168,15764,-490,-180,-192
1272,-128,15820,-476,-119,-204
1400,-136,15624,-476,-130,-207
1308,-92,15652,-468,-126,-211
1304,-164,15588,-504,-120,-209
1280,-92,15620,-497,-138,-237
1380,-80,15668,-473,-142,-180
1352,-168,15652,-482,-159,-177
1284,-76,15780,-490,-152,-201
1320,-276,15640,-474,-158,-198
1228,-136,15660,-475,-131,-227
1388,-80,15756,-499,-159,-192
1340,16,15668,-482,-160,-202
1296,-80,15568,-482,-144,-235
1340,-64,15580,-485,-142,-217
1516,-52,15812,-460,-151,-237
1164,-164,15724,-472,-171,-213
1312,-132,15796,-487,-177,-198
1296,-256,15728,-459,-187,-197
1132,-152,15572,-494,-192,-244
1428,-176,15716,-495,-150,-208
1284,36,15520,-458,-172,-185
1368,-108,15640,-508,-183,-203
1420,-80,15584,-505,-108,-226
1432,-232,15716,-454,-116,-208
1356,-180,15456,-453,-103,-190
1108,-172,15736,-496,-92,-225
1320,-56,15744,-498,-171,-210
1372,-144,15540,-471,-179,-205
1340,-108,15700,-482,-124,-200
1380,-24,15716,-484,-158,-187
1288,-112,15520,-485,-115,-205
1372,-132,15760,-506,-115,-226
1392,-176,15568,-487,-145,-199
1256,-204,15600,-498,-103,-200
1272,-60,15736,-484,-120,-199
1236,-52,15716,-506,-152,-199
1300,-96,15600,-480,-159,-222
1296,-96,15812,-492,-146,-196
1432,-52,15496,-501,-131,-214
1228,-88,15580,-488,-124,-215
1372,-80,15684,-478,-141,-204
1360,-224,15548,-470,-165,-183
1412,-168,15652,-495,-129,-194
1356,-144,15776,-478,-123,-232
1188,-112,15744,-478,-118,-199
1332,-196,15720,-513,-126,-209
1336,-180,15752,-466,-152,-186
1312,-48,15672,-489,-133,-219
1248,-96,15584,-471,-127,-213
1416,-116,15648,-484,-161,-211
1264,-76,15600,-490,-138,-210
1348,-120,15516,-484,-129,-194
1352,-168,15556,-476,-107,-210
1328,-148,15788,-482,-139,-209
1440,-116,15616,-482,-130,-190
1172,-156,15732,-490,-162,-211
1440,-164,15668,-478,-155,-200
1376,-104,15652,-485,-166,-214
1316,-80,15616,-472,-155,-220
1388,-180,15552,-442,-129,-200
1404,-180,15628,-459,-145,-195
1372,-80,15720,-519,-120,-201
1308,-24,15620,-489,-136,-217
1408,-128,15500,-508,-175,-204
1256,-72,15744,-480,-140,-194
1316,-92,15652,-491,-113,-207
1324,-124,15564,-497,-112,-211
1316,-72,15640,-492,-158,-187
1184,-216,15700,-495,-134,-188
1280,-120,15732,-474,-140,-205
1324,-152,15560,-492,-127,-202
1240,-84,15704,-478,-124,-214
1276,-176,15740,-477,-134,-208
1388,-12,15660,-487,-146,-224
1412,-60,15636,-452,-123,-209
1324,-56,15692,-495,-152,-190
1324,-96,15560,-463,-159,-201
1380,-176,15704,-506,-147,-205
1244,-60,15616,-463,-128,-205
1212,-124,15616,-475,-134,-207
1452,-236,15692,-489,-140,-208
1224,-168,15704,-467,-115,-207
1328,-144,15708,-466,-152,-211
1388,-172,15760,-486,-131,-210
1304,-220,15452,-457,-166,-183
1404,-64,15732,-462,-172,-206
1412,-72,15680,-464,-162,-195
1396,-32,15544,-452,-121,-188
1336,-68,15800,-472,-125,-206
1324,-172,15652,-480,-130,-200
1284,-104,15728,-472,-138,-201
1324,-216,15580,-476,-140,-221
1348,-152,15736,-533,-173,-234
1348,-168,15664,-504,-161,-202
1348,-164,15696,-479,-126,-212
1424,-124,15784,-476,-143,-200
1384,-132,15680,-465,-122,-221
1332,-160,15688,-461,-109,-184
1276,-108,15808,-490,-120,-210
1240,-132,15700,-473,-126,-208
1308,-148,15652,-484,-116,-194
1352,-184,15788,-490,-145,-218
1276,-152,15764,-468,-129,-203
1340,-116,15620,-456,-162,-208
1300,-144,15632,-467,-136,-193
1352,-132,15616,-499,-129,-196
1336,-32,15680,-490,-128,-211
1420,-60,15628,-468,-148,-226
1276,-100,15636,-465,-108,-204
1288,-44,15680,-476,-95,-213
1316,-224,15804,-466,-127,-228
1396,-144,15760,-456,-149,-195
1316,-96,15640,-471,-153,-197
1380,-124,15612,-494,-147,-185
1320,-20,15528,-488,-155,-223
1272,-48,15604,-481,-118,-204
1372,-100,15684,-476,-135,-208
1304,-124,15628,-495,-172,-229
1216,-120,15664,-469,-124,-189
1308,-100,15692,-478,-138,-198
1300,-100,15760,-483,-130,-194
1336,-36,15612,-463,-185,-211
1352,-140,15716,-473,-148,-201
1460,-32,15712,-489,-122,-198
1380,-192,15608,-492,-141,-206
1236,-208,15664,-480,-147,-225
1276,-184,15704,-468,-139,-221
1380,-64,15696,-493,-120,-236
1364,-52,15696,-468,-128,-211
1356,-96,15656,-487,-144,-200
1236,-108,15708,-501,-153,-220
1348,-164,15560,-471,-147,-199
1332,-104,15656,-442,-122,-222
1368,-108,15716,-495,-142,-211
1380,-60,15608,-505,-108,-202
1368,-48,15780,-500,-131,-187
1448,-164,15668,-505,-120,-225
1256,-120,15724,-482,-128,-209
1352,-176,15792,-474,-154,-177
1416,-44,15684,-483,-131,-185
1384,-108,15756,-488,-126,-217
1284,-204,15664,-471,-147,-207
1412,-76,15660,-500,-137,-226
1364,-44,15480,-502,-125,-199
1336,-124,15676,-469,-158,-218
1348,-24,15672,-483,-125,-181
1360,-104,15656,-481,-134,-203
1284,-188,15732,-498,-125,-202
1388,-140,15616,-483,-144,-222
1440,-24,15676,-480,-136,-191
1296,-200,15624,-466,-141,-209
1308,-108,15708,-465,-142,-218
1392,-148,15568,-494,-164,-216
1344,-164,15708,-480,-152,-228
1308,-40,15512,-501,-96,-228
1316,-4,15732,-475,-142,-212
1428,-152,15588,-454,-130,-207
1180,-128,15720,-468,-144,-212
1312,-72,15656,-496,-136,-197
1372,-180,15796,-485,-132,-220
1340,-76,15672,-474,-144,-202
1264,-140,15552,-464,-163,-184
1228,-156,15532,-478,-136,-210
1228,-160,15704,-477,-125,-191
1420,-40,15404,-477,-145,-222
1336,-120,15568,-484,-154,-208
1288,-124,15772,-489,-140,-211
1440,-108,15656,-471,-126,-222
1316,-80,15548,-477,-154,-209
1304,-232,15664,-478,-138,-201
1224,-112,15796,-483,-142,-208
1380,-44,15684,-467,-145,-210
1408,-116,15752,-468,-145,-203
1400,-160,15512,-508,-113,-199
1308,-184,15600,-480,-138,-229
1440,-180,15592,-472,-115,-197
1268,-140,15680,-485,-118,-209
1260,-60,15688,-488,-127,-217
1284,-160,15732,-490,-110,-228
1388,-136,15696,-485,-149,-229
1420,-92,15672,-475,-150,-210
1388,-48,15568,-494,-116,-201
1280,-204,15640,-484,-131,-210
1284,-200,15752,-479,-132,-197
1364,-48,15620,-476,-124,-189
1340,-164,15576,-505,-133,-212
1484,-152,15692,-454,-122,-206
1324,-116,15784,-474,-136,-210
1252,-124,15600,-479,-111,-220
1376,-148,15580,-469,-146,-193
1368,-180,15680,-464,-142,-212
1228,-124,15704,-486,-140,-213
1480,-84,15656,-479,-128,-203
1324,-84,15664,-458,-143,-224
1284,-132,15600,-489,-133,-227
1312,-60,15712,-484,-128,-218
1372,-140,15676,-472,-146,-211
1304,-88,15608,-447,-141,-203
1300,-124,15716,-473,-149,-207
1312,-72,15852,-486,-131,-220
1320,-148,15520,-479,-130,-203
1384,-128,15708,-472,-140,-191
1392,-84,15632,-473,-144,-218
1248,-92,15724,-473,-106,-201
1248,-68,15648,-485,-133,-184
1340,-56,15624,-457,-152,-193
1344,-40,15548,-489,-141,-174
1380,-128,15664,-479,-118,-199
1328,-132,15576,-487,-109,-217
1372,-92,15744,-439,-111,-201
1364,-148,15492,-494,-80,-205
1440,-212,16260,-488,-51,-237
1092,348,16064,-414,-279,-137
1116,-176,15496,-518,-146,-206
1508,-236,15116,-550,-65,-249
1720,-408,16100,-396,-127,-168
1100,-44,15348,-427,-141,-214
1160,256,15788,-487,-64,-223
1300,-52,16176,-511,-159,-211
1480,-248,15196,-432,-187,-218
1500,-168,15496,-488,-65,-194
1192,-108,16072,-448,-74,-197
1180,20,15696,-450,-117,-218
1064,-180,15596,-524,-158,-229
1348,-200,15808,-491,-148,-203
1432,-236,15480,-424,-145,-205
1308,-44,15760,-447,-88,-210
1256,88,15948,-481,-141,-194
1404,-172,15724,-497,-170,-213
1376,-164,15456,-508,-128,-221
1516,-88,15652,-465,-70,-213
1268,-192,15680,-451,-54,-194
1200,-188,15600,-459,-107,-212
1160,-144,15568,-458,-149,-205
1448,-144,15664,-485,-200,-187
1316,-128,15600,-450,-130,-218
1300,-84,15668,-437,-163,-204
1328,-96,15628,-480,-172,-199
1344,-144,15424,-512,-124,-239
1636,-112,15792,-479,-102,-237
1576,-156,15636,-455,-136,-170
1220,-116,15528,-498,-147,-240
1304,-132,15688,-489,-143,-195
1316,-100,15716,-472,-162,-224
1420,-200,15596,-459,-132,-216
1360,-212,15720,-478,-127,-211
1152,-212,15616,-494,-130,-189
1376,-168,15572,-488,-156,-233
1412,-256,15676,-502,-197,-209
1448,-132,15572,-467,-109,-194
1200,-52,15648,-487,-115,-217
1316,-152,15768,-487,-165,-209
1232,-144,15512,-479,-147,-203
1380,-100,15712,-478,-119,-199
1256,-124,15680,-505,-155,-196
1252,-44,15744,-468,-159,-194
1360,-132,15680,-478,-156,-206
1380,-60,15624,-478,-143,-222
1352,-100,15576,-486,-132,-194
1332,-108,15688,-470,-140,-217
1420,-180,15836,-456,-92,-218
1280,-92,15800,-481,-130,-198
1236,-120,15708,-474,-125,-199
1396,-216,15696,-484,-129,-205
1204,-240,15732,-467,-144,-230
1252,-40,15728,-483,-135,-206
1308,-140,15708,-504,-170,-220
1352,-80,15636,-471,-155,-209
1492,-196,15724,-505,-156,-221
1452,-124,15696,-505,-146,-204
1368,-164,15684,-489,-147,-195
1312,-124,15648,-521,-127,-207
1312,-132,15616,-477,-128,-206
1332,0,15832,-473,-159,-195
1332,-16,15684,-498,-130,-221
1248,-88,15684,-496,-149,-188
1376,-16,15580,-480,-172,-203
1208,-32,15660,-483,-128,-211
1288,-116,15508,-485,-145,-204
1280,-192,15812,-466,-119,-203
1396,-172,15616,-466,-118,-201
1248,-116,15592,-478,-152,-232
1148,-100,15536,-493,-155,-210
1368,-64,15624,-515,-143,-201
1384,-132,15696,-510,-157,-204
1292,-180,15656,-476,-154,-212
1308,-204,15644,-470,-147,-199
1284,-120,15716,-489,-121,-187
1260,-116,15772,-457,-138,-209
1296,-128,15764,-457,-127,-227
1292,-220,15600,-494,-144,-201
1380,-164,15832,-484,-138,-214
1308,-100,15764,-479,-152,-190
1256,-120,15508,-480,-122,-221
1280,-80,15660,-475,-139,-230
1264,-180,15592,-479,-131,-213
1400,-140,15740,-484,-146,-218
1320,-116,15724,-475,-151,-208
1188,-104,15636,-502,-157,-221
1240,-68,15756,-503,-106,-188
1372,-128,15620,-459,-114,-196
1272,-128,15712,-460,-111,-196
1204,-112,15648,-478,-124,-211
1316,-100,15744,-469,-149,-208
1344,-92,15524,-490,-147,-203
1324,-124,15676,-492,-157,-196
1248,-148,15708,-477,-154,-207
1360,-96,15632,-479,-132,-198
1340,-136,15736,-489,-138,-226
1204,-148,15560,-461,-138,-216
1324,-256,15744,-502,-162,-218
1336,-76,15780,-460,-154,-232
1204,-116,15744,-477,-180,-213
1260,-240,15684,-495,-131,-214
1336,-64,15792,-488,-148,-185
1324,-132,15828,-494,-146,-205
1408,-192,15524,-468,-125,-211
1300,-184,15628,-468,-130,-208
1332,-76,15712,-480,-117,-213
1372,-76,15668,-458,-144,-213
1408,-120,15612,-498,-144,-207
1244,-112,15600,-477,-147,-234
1256,-96,15616,-470,-143,-206
1280,-180,15744,-476,-127,-217
1332,-72,15748,-450,-169,-189
1360,-116,15812,-456,-148,-204
1288,-84,15500,-495,-134,-195
1212,-176,15632,-484,-137,-222
1392,-68,15720,-466,-117,-209
1336,-124,15676,-487,-125,-216
1308,-124,15716,-482,-134,-202
1200,-172,15628,-460,-150,-219
1328,-116,15820,-467,-130,-211
1176,-128,15760,-487,-154,-194
1324,-124,15664,-476,-122,-209
1320,-84,15608,-471,-134,-215
1348,-64,15468,-482,-117,-195
1304,-104,15652,-472,-151,-210
1208,-160,15588,-502,-152,-194
1400,-72,15684,-502,-77,-199
1448,-84,15616,-482,-149,-221
1372,-116,15820,-470,-148,-211
1336,-220,15716,-479,-139,-224
1108,-196,15756,-484,-138,-216
1304,-220,15680,-484,-131,-189
1304,-112,15812,-485,-133,-193
1352,-132,15724,-485,-115,-205
1312,-80,15796,-450,-120,-192
1372,-160,15784,-460,-109,-221
1260,-64,15692,-470,-115,-212
1420,-80,15688,-498,-129,-210
1240,-160,15652,-455,-142,-216
1364,-104,15620,-499,-125,-202
1308,-160,15756,-463,-164,-191
1348,-28,15596,-482,-165,-207
1332,-108,15620,-461,-120,-206
1484,-116,15668,-493,-147,-204
1304,-148,15784,-477,-123,-214
1296,-128,15772,-488,-132,-193
1244,-148,15728,-492,-157,-212
1452,-132,15656,-489,-146,-207
1272,-160,15540,-473,-134,-227
1392,-112,15636,-490,-130,-195
1340,-164,15532,-469,-130,-201
1212,-180,15724,-474,-122,-222
1284,-200,15700,-479,-136,-181
1352,-156,15716,-486,-147,-204
1304,-104,15700,-485,-122,-181
1364,-72,15648,-480,-161,-189
1128,-104,15704,-496,-159,-202
1372,-156,15668,-488,-139,-201
1436,-92,15668,-483,-155,-207
1144,-148,15648,-466,-150,-198
1412,-136,15580,-467,-98,-202
1452,-172,15800,-511,-128,-230
1424,-200,15680,-468,-101,-191
1332,-68,15768,-479,-139,-202
1312,-156,15700,-487,-136,-201
1332,-108,15880,-481,-128,-206
1284,-168,15576,-470,-159,-209
1336,-140,15680,-473,-143,-200
1288,-72,15576,-493,-148,-202
1420,-100,15672,-479,-142,-216
1336,-168,15576,-468,-107,-201
1304,-76,15564,-479,-125,-199
1316,-52,15624,-472,-126,-219
1388,-80,15780,-469,-124,-201
1336,-12,15644,-473,-143,-179
1316,-80,15684,-489,-140,-196
1272,-136,15524,-487,-124,-205
1268,-128,15612,-475,-147,-206
1296,-92,15648,-465,-148,-197
1276,-24,15652,-477,-153,-223
1336,-76,15608,-506,-140,-218
1428,-96,15688,-465,-123,-193
1264,-96,15716,-485,-97,-200
1304,-104,15656,-485,-154,-200
1220,-232,15600,-476,-159,-210
1360,-108,15668,-492,-137,-212
1360,-72,15664,-471,-127,-185
1392,-52,15588,-473,-134,-194
1228,-176,15600,-456,-144,-217
1260,-144,15616,-479,-154,-212
1392,-216,15632,-476,-143,-208
1276,-156,15696,-483,-149,-225
1172,-220,15660,-464,-122,-218
1092,-128,15644,-479,-140,-221
1280,-112,15744,-494,-125,-210
1356,-164,15664,-474,-128,-233
1348,8,15764,-480,-145,-184
1444,-128,15600,-478,-169,-208
1368,-112,15676,-464,-147,-231
1336,-64,15732,-471,-146,-208
1348,-136,15608,-506,-138,-209
1216,-100,15772,-502,-148,-209
1296,-116,15688,-488,-136,-205
1352,-144,15648,-474,-145,-197
1364,-132,15620,-478,-126,-207
1312,-152,15628,-472,-130,-221
1316,-88,15560,-457,-113,-212
1244,-140,15628,-473,-134,-207
1144,-112,15644,-472,-134,-204
1300,-100,15656,-505,-156,-224
1332,-116,15692,-498,-123,-204
1136,-88,15732,-466,-125,-229
1428,-144,15580,-481,-150,-208
1240,-248,15716,-509,-157,-211
1228,-108,15616,-479,-157,-211
1312,-60,15624,-469,-136,-214
1332,-92,15580,-483,-118,-201
1356,-112,15644,-500,-131,-207
1288,-160,15560,-470,-131,-192
1224,-108,15612,-470,-120,-214
1228,-156,15776,-490,-134,-227
1276,-104,15668,-500,-128,-211
1284,-180,15676,-474,-140,-213
1380,-184,15704,-488,-152,-205
1516,-116,15616,-457,-140,-216
1344,-36,15684,-491,-125,-170
1312,-104,15568,-446,-115,-204
1448,-188,15652,-478,-124,-200
1300,-72,15580,-458,-158,-186
1196,-116,15524,-480,-128,-195
1216,-148,15568,-488,-136,-186
1316,-76,15780,-486,-161,-204
1308,-72,15620,-471,-157,-209
1396,-68,15568,-460,-114,-207
1200,-160,15640,-460,-92,-193
1360,-48,15536,-477,-124,-210
1364,-128,15588,-478,-110,-217
1372,-48,15556,-478,-142,-186
1276,-112,15644,-496,-157,-202
1200,-116,15600,-465,-155,-207
1316,-104,15660,-468,-115,-198
1244,-100,15780,-478,-105,-208
1264,-156,15580,-471,-158,-215
1376,4,15540,-462,-146,-189
1516,-192,15688,-481,-97,-208
1284,-216,15604,-481,-139,-211
1364,-68,15624,-475,-166,-207
1352,-48,15644,-474,-131,-210
1256,-116,15644,-473,-117,-224
1188,-144,15588,-490,-131,-205
1328,28,15640,-484,-162,-208
1208,-188,15620,-487,-148,-210
1396,-72,15568,-476,-146,-187
1240,-112,15684,-473,-132,-215
1332,-52,15672,-484,-134,-215
1292,-112,15708,-471,-151,-217
1304,-80,15736,-474,-121,-193
1336,-140,15744,-525,-105,-201
1328,-148,15716,-513,-152,-199
1324,-136,15576,-466,-134,-198
1216,-156,15784,-471,-138,-209
1236,-120,15696,-471,-140,-218
1208,-140,15892,-464,-153,-191
1460,-96,15772,-471,-159,-212
1216,-44,15632,-479,-114,-217
1188,-88,15620,-481,-139,-202
1300,-256,15816,-482,-119,-196
1344,-60,15636,-468,-131,-223
1288,-168,15620,-476,-149,-205
1320,-140,15668,-477,-152,-195
1260,-124,15620,-464,-144,-212
1288,-228,15712,-487,-157,-184
1304,8,15456,-450,-166,-191
1356,-172,15676,-446,-133,-218
1296,-176,15592,-448,-149,-209
1276,-148,15616,-453,-114,-193
1380,-72,15532,-513,-157,-205
1296,-164,15576,-468,-151,-203
1300,-52,15580,-471,-140,-215
1316,-112,15712,-464,-111,-198
1380,-20,15584,-480,-124,-196
1348,-156,15652,-459,-168,-192
1352,-200,15624,-483,-128,-208
1368,-140,15572,-478,-116,-204
1204,-216,15684,-471,-133,-211
1296,-148,15788,-463,-163,-220
1416,-148,15636,-489,-168,-202
1324,-184,15520,-489,-151,-206
1304,-84,15716,-474,-129,-211
1252,-220,15632,-484,-158,-195
1264,-152,15736,-473,-161,-204
1300,-32,15600,-474,-140,-198
1152,-88,15536,-456,-120,-218
1372,-88,15468,-467,-131,-210
1364,-80,15776,-477,-117,-226
1352,-96,15776,-479,-135,-220
1332,-56,15708,-501,-102,-219
1376,-52,15528,-494,-126,-223
1380,-164,15680,-480,-126,-226
1188,-24,15680,-483,-143,-231
1276,-172,15648,-496,-138,-213
1228,-184,15628,-471,-151,-188
1320,-128,15708,-469,-147,-203
1352,-72,15652,-466,-122,-210
1308,-56,15568,-470,-142,-221
1208,-176,15744,-492,-127,-203
1304,-32,15708,-481,-147,-206
1400,-108,15700,-474,-112,-217
1136,-124,15632,-474,-149,-185
1372,-124,15640,-482,-153,-213
1360,-96,15500,-477,-138,-228
1284,-28,15708,-486,-133,-202
1448,-68,15820,-494,-132,-206
1232,-172,15632,-482,-126,-189
1468,-120,15524,-486,-120,-210
1260,-200,15628,-483,-147,-222
1380,-80,15592,-468,-114,-208
1304,-144,15612,-501,-140,-192
1336,-64,15752,-491,-146,-194
1212,-268,15640,-492,-149,-212
1368,-140,15688,-478,-137,-200
1392,-212,15732,-487,-160,-199
1176,-116,15760,-506,-107,-214
1340,-120,15676,-470,-120,-223
1296,-104,15524,-474,-137,-203
1228,-136,15712,-485,-130,-198
1372,-176,15540,-463,-125,-189
1316,-140,15788,-504,-157,-195
1364,-176,15748,-490,-139,-196
1408,-200,15652,-478,-158,-195
1456,-144,15508,-476,-147,-201
1380,-8,15668,-477,-154,-208
1288,-36,15576,-476,-138,-213
1308,-92,15612,-484,-149,-210
1332,-44,15648,-466,-128,-222
1256,-100,15532,-479,-116,-221
1304,-212,15764,-471,-118,-214
1200,-44,15588,-495,-156,-202
1312,-180,15612,-496,-98,-214
1460,-100,15548,-482,-161,-184
1296,-204,15604,-468,-131,-215
1232,-128,15744,-484,-138,-202
1244,-80,15812,-482,-128,-204
1392,-88,15636,-476,-121,-217
1384,-84,15620,-488,-127,-226
1320,-124,15816,-486,-113,-199
1228,-116,15740,-469,-146,-207
1388,-32,15544,-474,-172,-229
1376,-208,15612,-469,-126,-204
1304,-148,15752,-466,-146,-200
1252,-36,15804,-490,-154,-217
1240,-100,15736,-466,-128,-220
1372,-156,15676,-473,-119,-220
1228,-160,15688,-477,-135,-217
1352,-84,15704,-460,-130,-223
1260,-96,15736,-477,-137,-213
1332,-52,15604,-476,-154,-206
1264,-176,15660,-485,-118,-210
1376,-44,15624,-485,-154,-184
1416,-68,15628,-485,-160,-216
1300,-104,15496,-514,-152,-198
1304,-144,15560,-501,-114,-194
1344,-236,15732,-464,-98,-167
1160,-116,15740,-503,-95,-208
1208,-92,15724,-484,-143,-188
1340,-28,15688,-453,-138,-224
1396,-28,15676,-475,-142,-189
1444,-56,15644,-469,-111,-180
1368,-32,15436,-490,-142,-205
1208,-148,15716,-461,-141,-212
1408,-164,15608,-477,-138,-198
1284,-132,15848,-459,-118,-198
1296,-168,15676,-478,-131,-201
1232,-136,15704,-487,-152,-201
1332,-136,15868,-491,-133,-206
1300,-120,15704,-482,-127,-214
1220,-164,15692,-477,-144,-224
1332,-84,15796,-479,-146,-191
1344,-144,15632,-479,-132,-175
1424,-116,15740,-467,-142,-197
1420,-48,15556,-474,-163,-198
1300,-68,15568,-472,-124,-205
1268,-124,15668,-455,-146,-196
1200,-180,15616,-471,-122,-208
1340,-8,15756,-486,-143,-203
1156,-216,15716,-465,-141,-213
1236,-136,15760,-462,-157,-208
1228,-128,15524,-490,-147,-194
1252,-200,15724,-470,-145,-209
1268,-288,15612,-463,-114,-227
1240,-164,15688,-477,-125,-216
1352,-204,15672,-489,-135,-191
1252,-92,15764,-489,-153,-190
1284,-96,15728,-479,-127,-217
1276,-88,15680,-467,-138,-196
1168,-144,15688,-515,-146,-213
1324,-176,15676,-494,-133,-187
1348,-180,15608,-478,-111,-209
1252,-136,15432,-482,-132,-188
1332,-156,15612,-473,-121,-192
1232,-60,15568,-482,-178,-206
1264,-128,15716,-503,-148,-211
1204,-164,15632,-493,-128,-207
1256,-192,15476,-489,-141,-229
1332,-148,15524,-475,-155,-207
1144,-244,15708,-478,-137,-208
1280,-268,15616,-481,-125,-199
1340,-124,15624,-482,-119,-207
1324,-64,15676,-474,-130,-227
1284,-36,15508,-486,-113,-194
1312,-68,15676,-481,-138,-197
1344,-96,15564,-468,-147,-220
1364,-264,15556,-464,-159,-205
1440,-164,15724,-460,-122,-211
1260,-156,15752,-491,-146,-203
1340,-144,15616,-457,-137,-232
1332,-96,15508,-487,-139,-197
1404,12,15592,-481,-129,-203
1216,-32,15712,-481,-124,-202
1316,-136,15656,-478,-139,-194
1416,-208,15640,-470,-141,-225
1328,-168,15624,-474,-141,-219
1256,-172,15824,-454,-162,-221
1252,-44,15648,-478,-123,-202
1360,-176,15744,-484,-145,-206
1344,-128,15760,-479,-160,-190
1420,-192,15652,-474,-117,-214
1288,-116,15752,-479,-147,-191
1440,-132,15572,-482,-144,-217
1280,-88,15604,-489,-145,-200
1232,-184,15664,-479,-128,-204
1312,-72,15724,-488,-151,-203
1372,-188,15776,-464,-145,-203
1284,-132,15660,-463,-159,-201
1372,-92,15708,-468,-142,-199
1372,-104,15740,-486,-130,-208
1356,-152,15596,-470,-114,-198
1224,-252,15620,-482,-144,-199
1388,-184,15776,-476,-130,-224
1296,-68,15560,-481,-123,-209
1300,-124,15688,-485,-128,-189
1172,-176,15828,-485,-135,-242
1368,-68,15672,-480,-141,-178
1276,-144,15732,-505,-131,-226
1216,-148,15696,-492,-125,-227
1428,-52,15556,-487,-154,-200
1388,-56,15608,-471,-114,-204
1272,-228,15648,-464,-149,-214
1424,-68,15672,-487,-141,-204
1364,-76,15572,-467,-109,-216
1240,-196,15732,-468,-131,-198
1336,-176,15620,-492,-153,-213
1264,-136,15780,-492,-126,-208
1304,-128,15776,-462,-151,-218
1324,-112,15604,-474,-130,-206
1296,-96,15620,-472,-161,-177
1240,-64,15784,-505,-133,-201
1260,-200,15648,-483,-132,-222
1280,-156,15616,-475,-140,-182
1384,-128,15720,-474,-137,-204
1372,-144,15832,-472,-143,-230
1236,-136,15752,-491,-154,-216
1300,-64,15676,-461,-143,-222
1336,-132,15628,-483,-122,-205
1352,4,15736,-482,-119,-212
1400,-60,15648,-480,-142,-213
1212,-160,15596,-471,-126,-209
1340,-160,15676,-486,-162,-214
1224,-216,15680,-495,-136,-218
1384,-156,15672,-481,-129,-203
1296,-172,15688,-520,-138,-195
1360,0,15544,-465,-144,-187
1432,-4,15628,-473,-130,-198
1324,-60,15580,-454,-158,-222
1360,-136,15636,-477,-162,-204
1344,-132,15588,-483,-112,-209
1296,-164,15652,-490,-125,-201
1228,-140,15628,-455,-136,-224
1204,-56,15640,-474,-132,-225
1280,-140,15860,-473,-133,-223
1312,-100,15624,-476,-134,-203
1284,-188,15692,-478,-136,-196
1392,-80,15744,-466,-116,-213
1280,-72,15588,-458,-146,-186
1292,-72,15584,-483,-120,-208
1460,-60,15592,-480,-111,-222
1316,-140,15656,-467,-102,-205
1216,-176,15612,-485,-140,-204
1400,-108,15680,-472,-113,-219
1176,-176,15744,-467,-131,-187
1292,-84,15736,-479,-156,-207
1260,-116,15648,-481,-130,-222
1304,-132,15604,-487,-114,-211
1440,-104,15688,-475,-109,-217
1348,-184,15756,-478,-114,-205
1244,-132,15628,-463,-125,-220
1268,-96,15672,-481,-128,-206
1292,-108,15788,-446,-131,-216
1268,-48,15576,-499,-148,-204
1252,-160,15760,-475,-157,-200
1344,-120,15768,-471,-166,-194
1280,-120,15644,-470,-145,-206
1312,-48,15704,-460,-123,-217
1412,-44,15580,-486,-156,-203
1284,-116,15764,-512,-141,-217
1304,-4,15780,-473,-146,-201
1320,-272,15656,-477,-118,-206
1320,-268,15664,-489,-159,-207
1332,-108,15768,-477,-119,-206
1268,-120,15776,-485,-131,-209
1376,-112,15548,-478,-158,-212
1328,-88,15688,-462,-132,-194
1288,-96,15588,-493,-169,-217
1348,-92,15624,-464,-132,-208
1360,-152,15704,-491,-133,-206
1336,-152,15692,-500,-155,-217
1212,-56,15580,-502,-130,-208
1340,-56,15744,-522,-135,-206
1436,-44,15704,-472,-147,-213
1468,-84,15740,-497,-164,-236
1304,-136,15540,-505,-193,-229
1304,-144,15580,-481,-163,-202
1448,-128,15704,-464,-163,-201
1324,-152,15724,-475,-108,-185
1260,-20,15444,-474,-111,-230
1312,-60,15624,-468,-110,-203
1184,-96,15600,-497,-135,-191
1296,-168,15760,-487,-145,-202
1352,-108,15640,-479,-145,-220
1208,-132,15612,-486,-133,-192
1276,-148,15664,-477,-148,-181
1316,-72,15700,-485,-150,-220
1332,-104,15792,-465,-125,-212
1344,-164,15660,-516,-109,-205
1268,-144,15652,-466,-129,-208
1288,-140,15716,-474,-149,-208
1260,-168,15776,-476,-136,-211
1304,-168,15656,-452,-108,-216
1264,-56,15680,-465,-138,-215
1232,-100,15664,-478,-106,-209
1280,-160,15760,-494,-132,-193
1200,-116,15788,-482,-162,-200
1364,-160,15632,-461,-148,-189
1352,-40,15520,-464,-122,-216
1296,-116,15712,-479,-131,-207
1288,-56,15692,-463,-116,-212
1212,-168,15804,-479,-142,-217
1376,-168,15684,-487,-154,-208
1304,-92,15720,-482,-137,-228
1420,-64,15852,-464,-113,-189
1320,-60,15564,-485,-147,-219
1340,-176,15732,-472,-137,-220
1248,-188,15536,-477,-137,-206
1288,-128,15636,-488,-126,-197
1296,-196,15800,-460,-86,-193
1264,-188,15656,-478,-146,-190
1352,-80,15628,-477,-146,-201
1288,-68,15596,-497,-119,-208
1236,-12,15644,-446,-140,-210
1308,-148,15572,-492,-136,-205
1348,-120,15548,-462,-97,-204
1288,-136,15644,-487,-135,-199
1312,-128,15704,-483,-134,-199
1304,-140,15608,-467,-127,-215
1364,-160,15744,-489,-114,-224
1372,-120,15648,-481,-112,-217
1276,-124,15604,-461,-126,-213
1424,-148,15688,-466,-149,-221
1208,-188,15756,-506,-148,-210
1340,-96,15652,-482,-147,-202
1248,-224,15648,-494,-127,-208
1288,-144,15704,-504,-128,-207
1428,-184,15620,-510,-135,-186
1364,-72,15676,-484,-125,-197
1232,-144,15776,-473,-161,-218
1364,-192,15660,-501,-145,-198
1212,-84,15672,-480,-150,-197
1384,-120,15544,-454,-135,-216
1276,-64,15624,-484,-145,-189
1356,-128,15640,-503,-143,-219
1308,-156,15676,-491,-160,-206
1344,-132,15524,-475,-142,-224
1304,-156,15656,-473,-132,-209
1372,-76,15700,-485,-116,-216
1292,-128,15580,-465,-122,-219
1304,-108,15740,-484,-133,-191
1260,-12,15684,-482,-136,-185
1328,-164,15432,-471,-139,-205
1364,-132,15608,-490,-154,-187
1280,-120,15716,-474,-131,-222
1316,-176,15596,-467,-136,-235
1296,-132,15680,-469,-149,-194
1304,-100,15664,-477,-132,-210
1372,24,15572,-483,-124,-218
1372,-112,15456,-489,-154,-188
1236,-100,15676,-484,-143,-225
1380,-120,15652,-487,-138,-212
1308,-64,15504,-475,-162,-229
1252,-64,15576,-470,-127,-218
1300,-188,15728,-461,-143,-200
1328,-140,15584,-478,-132,-208
1364,-32,15580,-480,-124,-208
1400,-128,15668,-487,-111,-215
1364,-64,15816,-460,-127,-210
1384,-96,15692,-461,-121,-227
1296,-116,15676,-485,-128,-188
1228,-68,15688,-482,-122,-223
1480,-108,15644,-499,-111,-189
1428,-112,15584,-481,-132,-197
1308,-172,15708,-481,-122,-231
1324,-120,15728,-468,-118,-204
1416,-160,15632,-505,-128,-224
1352,-96,15812,-483,-108,-216
1348,-244,15628,-487,-136,-190
1252,-136,15704,-487,-141,-200
1332,-48,15596,-477,-127,-187
1308,-116,15660,-475,-134,-225
1304,-80,15764,-494,-155,-209
1284,-112,15632,-487,-160,-206
1364,-184,15716,-469,-141,-190
1400,-184,15760,-468,-144,-207
1276,-136,15704,-491,-103,-215
1140,-112,15656,-470,-132,-209
1336,-148,15664,-498,-149,-198
1236,-80,15584,-477,-101,-202
1268,-172,15808,-459,-135,-194
1280,-80,15620,-485,-141,-214
1212,-156,15612,-471,-127,-219
1272,-48,15592,-502,-152,-211
1272,-172,15620,-470,-134,-195
1260,-116,15636,-484,-132,-201
1220,-164,15588,-507,-117,-219
1344,-184,15800,-481,-103,-213
1296,-120,15668,-469,-151,-209
1364,-72,15704,-485,-120,-220
1432,-136,15728,-478,-137,-208
1308,-60,15616,-464,-122,-234
1392,-128,15640,-480,-148,-174
1260,-24,15580,-485,-131,-211
1272,-104,15600,-482,-132,-247
1264,-136,15680,-482,-99,-216
1360,-164,15676,-483,-144,-214
1328,-108,15676,-459,-149,-213
1276,-132,15664,-491,-140,-217
1452,-104,15712,-485,-138,-196
1252,-100,15660,-494,-153,-223
1160,-168,15616,-475,-142,-229
1344,-96,15732,-460,-156,-217
1332,-120,15704,-477,-132,-178
1288,20,15800,-474,-120,-226
1340,-220,15636,-478,-130,-190
1300,-104,15716,-485,-176,-221
1224,-148,15480,-501,-121,-207
1308,-68,15672,-506,-122,-201
1308,-168,15528,-477,-126,-207
1156,-140,15676,-470,-154,-206
1324,-76,15684,-472,-136,-190
1256,-136,15548,-466,-139,-214
1340,-112,15588,-470,-132,-193
1352,-112,15664,-493,-116,-209
1256,-68,15588,-454,-102,-192
1224,-116,15740,-478,-155,-223
1236,-80,15680,-488,-135,-215
1308,-160,15576,-454,-138,-200
1244,-92,15724,-458,-172,-215
1348,-44,15608,-477,-129,-202
1284,-100,15596,-477,-127,-215
1272,-124,15628,-469,-131,-201
1360,-16,15624,-484,-135,-208
1268,-168,15724,-472,-146,-227
1332,-168,15824,-487,-129,-187
1412,-84,15704,-466,-155,-209
1328,-168,15588,-497,-177,-179
1416,-160,15800,-509,-146,-221
1256,-124,15812,-485,-156,-204
1288,-148,15764,-445,-106,-220
1348,-152,15652,-470,-161,-222
1312,-76,15712,-479,-116,-239
1268,-180,15808,-467,-129,-224
1324,-132,15660,-501,-116,-221
1324,-272,15616,-473,-126,-218
1288,-176,15720,-480,-145,-191
1216,-248,15660,-479,-140,-200
1276,-68,15656,-489,-116,-221
1348,-252,15560,-497,-154,-243
1388,-128,15572,-487,-146,-205
1416,-128,15612,-478,-115,-197
1236,-44,15544,-480,-130,-200
1308,-132,15676,-485,-141,-211
1400,-92,15608,-460,-126,-204
1300,-124,15764,-488,-137,-201
1236,-184,15640,-484,-142,-224
1320,-228,15656,-478,-125,-219
1436,-120,15616,-495,-142,-215
1364,-36,15588,-479,-140,-191
1220,-56,15716,-484,-134,-210
1316,-76,15784,-461,-152,-204
1308,-120,15588,-471,-144,-213
1392,-168,15804,-480,-128,-198
1240,-112,15648,-497,-137,-205
1304,-60,15516,-506,-124,-217
1284,-128,15516,-482,-178,-213
1516,-116,15716,-480,-128,-201
1400,0,15760,-498,-122,-203
1288,-136,15756,-444,-122,-204
1308,-148,15684,-458,-141,-216
1364,-116,15744,-442,-115,-215
1376,-172,15684,-473,-144,-242
1188,-80,15676,-468,-149,-203
1304,-120,15772,-485,-126,-229
1432,-184,15676,-475,-138,-213
1404,-80,15568,-477,-134,-197
1340,-4,15592,-476,-139,-205
1280,-148,15544,-458,-149,-203
1384,-72,15776,-480,-128,-212
1356,-88,15632,-498,-142,-200
1400,-52,15596,-482,-110,-204
1340,-140,15748,-481,-137,-206
1272,-12,15636,-468,-134,-214
1368,0,15724,-473,-121,-214
1236,-80,15676,-491,-143,-193
1284,-108,15568,-466,-124,-197
1368,-160,15752,-451,-148,-203
1408,-116,15620,-488,-150,-221
1244,-132,15624,-468,-142,-204
1304,-140,15452,-462,-116,-214
1348,-76,15700,-481,-144,-211
1276,-60,15704,-493,-128,-214
1304,-116,15592,-495,-100,-198
1300,-100,15656,-498,-134,-196
1364,-124,15748,-496,-135,-204
1316,-124,15716,-467,-137,-200
1260,-180,15608,-487,-138,-216
1352,-136,15624,-468,-122,-205
1300,-140,15660,-491,-134,-211
1348,-156,15592,-487,-125,-189
1320,-216,15672,-481,-123,-220
1228,-124,15776,-468,-140,-220
1308,-104,15660,-500,-125,-192
1220,-120,15608,-485,-144,-208
1348,-36,15728,-483,-135,-213
1312,-104,15600,-474,-144,-217
1340,-24,15732,-501,-156,-218
1296,-104,15744,-484,-151,-220
1356,-132,15672,-468,-104,-215
1272,-132,15652,-488,-147,-219
1388,-144,15680,-467,-93,-204
1228,-68,15748,-477,-130,-219
1296,-32,15672,-469,-138,-189
1240,-184,15664,-460,-126,-195
1344,-92,15720,-475,-159,-205
1200,-192,15644,-482,-160,-208
1304,0,15812,-488,-131,-188
1360,-104,15532,-482,-153,-177
1376,-132,15540,-465,-136,-199
1444,-68,15748,-470,-122,-242
1376,-104,15628,-481,-142,-191
1224,-76,15612,-487,-118,-212
1388,-132,15700,-480,-130,-217
1236,-124,15632,-450,-151,-173
1284,-84,15684,-492,-158,-206
1380,-104,15704,-482,-140,-243
1308,-124,15916,-468,-94,-203
1404,-156,15604,-489,-124,-210
1216,-156,15592,-484,-153,-216
1332,-136,15632,-492,-110,-218
1304,-76,15700,-494,-130,-208
1428,-300,15808,-447,-102,-192
1312,-184,15668,-442,-155,-226
1356,-164,15788,-479,-141,-224
1240,-160,15448,-504,-171,-209
1384,-56,15792,-486,-144,-198
1324,-92,15644,-469,-123,-216
1476,-148,15672,-489,-153,-200
1268,-116,15676,-463,-142,-224
1316,-160,15660,-489,-139,-197
1356,-192,15676,-477,-147,-233
1364,-120,15608,-469,-141,-214
1364,-192,15728,-475,-151,-208
1284,-12,15788,-479,-139,-198
1288,-72,15596,-494,-141,-214
1324,-64,15772,-489,-120,-207
1284,-188,15700,-456,-127,-207
1240,-172,15624,-481,-148,-198
1240,-124,15648,-466,-122,-194
1332,-60,15728,-473,-128,-206
1200,-136,15788,-494,-150,-196
1204,-156,15604,-478,-143,-182
1404,-132,15768,-470,-131,-196
1340,-60,15696,-480,-113,-209
1336,-64,15616,-469,-162,-199
1332,-184,15644,-471,-149,-198
1248,-148,15704,-495,-85,-222
1248,-152,15640,-497,-146,-213
1280,-48,15584,-497,-134,-224
1288,-136,15596,-473,-153,-210
1304,-32,15756,-481,-145,-208
1352,-112,15912,-481,-133,-221
1264,-144,15656,-477,-154,-199
1236,-160,15640,-521,-173,-185
1504,-196,15532,-481,-145,-220
1292,-8,15580,-475,-122,-214
1272,-176,15656,-462,-130,-218
1332,-128,15540,-497,-153,-215
1244,-184,15624,-507,-148,-199
1316,-88,15580,-468,-139,-220
1308,-100,15656,-474,-113,-219
1288,-164,15652,-475,-130,-226
1276,-92,15756,-470,-141,-205
1312,-60,15596,-494,-162,-204
1352,-132,15700,-462,-130,-202
1384,-60,15744,-473,-142,-200
1312,-144,15592,-459,-105,-196
1276,-84,15844,-491,-123,-200
1180,-200,15628,-484,-107,-208
1376,-192,15792,-486,-146,-208
1400,-108,15740,-501,-130,-214
1296,-96,15592,-475,-145,-234
1320,-64,15584,-491,-140,-193
1324,52,15764,-464,-134,-210
1268,-152,15620,-482,-161,-209
1404,-176,15540,-479,-161,-227
1340,-200,15768,-472,-106,-210
1344,-132,15684,-460,-149,-188
1412,-148,15728,-445,-134,-201
1224,-152,15664,-480,-136,-212
1400,-56,15752,-484,-121,-196
1380,-116,15696,-471,-159,-200
1288,-132,15556,-487,-135,-201
1300,-76,15684,-508,-130,-219
1388,-92,15736,-487,-131,-198
1264,-80,15704,-489,-129,-209
1372,-44,15744,-478,-124,-192
1364,-156,15684,-465,-123,-197
1300,-172,15744,-469,-136,-205
1288,-124,15656,-498,-144,-193
1312,-176,15756,-464,-155,-200
1264,-56,15840,-490,-162,-203
1308,-116,15628,-471,-121,-198
1332,-32,15584,-485,-149,-205
1384,-144,15600,-501,-124,-181
1320,-176,15664,-497,-91,-205
1220,-176,15700,-501,-118,-198
1420,-124,15728,-469,-158,-203
1340,-132,15548,-471,-146,-221
1328,-216,15596,-496,-126,-210
1272,-148,15704,-489,-151,-215
1256,-216,15840,-477,-162,-214
1408,-160,15836,-478,-119,-197
1344,-232,15588,-470,-104,-191
1336,-156,15612,-452,-118,-205
1280,-128,15780,-461,-125,-200
1276,-96,15684,-493,-133,-205
1292,16,15636,-475,-129,-226
1336,-80,15752,-473,-130,-209
1316,-232,15792,-473,-134,-209
1340,-152,15692,-480,-145,-207
1216,-20,15756,-476,-127,-209
1488,-200,15500,-467,-133,-223
1448,-136,15632,-472,-107,-188
1276,-16,15744,-475,-123,-215
1468,-96,15636,-493,-157,-220
1320,-124,15672,-472,-119,-207
1308,-164,15908,-498,-130,-220
1352,-112,15768,-493,-130,-183
1284,-28,15576,-466,-127,-195
1372,-112,15612,-480,-128,-220
1432,-144,15768,-477,-113,-225
1284,-92,15596,-468,-84,-210
1272,-172,15616,-485,-144,-214
1284,-212,15512,-487,-133,-230
1324,-156,15712,-492,-107,-206
1220,-36,15776,-486,-116,-202
1292,-124,15732,-457,-136,-191
1292,-216,15612,-497,-118,-214
