1720,-76,15528,-474,-141,-196
1768,4,15612,-462,-115,-178
1736,-132,15644,-481,-157,-185
1840,-192,15928,-533,-99,-229
1692,-32,15780,-504,-186,-186
1608,-92,15724,-456,-300,-187
1516,-40,15564,-446,-247,-225
1872,32,15664,-485,-201,-219
1896,-60,15516,-515,-125,-211
1780,-72,15600,-483,-139,-196
1700,0,15772,-471,-158,-212
1644,-44,15748,-518,-220,-198
1696,-72,15688,-516,-179,-209
1832,-136,15724,-520,-177,-212
1596,-72,15840,-532,-235,-213
1712,-144,15644,-542,-301,-228
1788,-36,15364,-548,-273,-237
2028,-4,15316,-494,-198,-214
1996,-24,15764,-499,-152,-191
1620,-48,15712,-493,-149,-185
1604,-116,15680,-480,-136,-230
1956,-32,15540,-478,-155,-211
1932,-136,15564,-470,-127,-181
1736,-152,15640,-483,-123,-185
1676,-180,15732,-491,-136,-235
1868,-80,15520,-487,-150,-225
2020,-112,15520,-473,-115,-174
1708,-156,15656,-474,-97,-216
1572,-60,15660,-460,-114,-219
1792,-96,15768,-499,-144,-232
2028,-80,15632,-506,-133,-185
1612,-48,15604,-490,-131,-189
1580,-92,15812,-483,-134,-197
1988,-120,15204,-471,-142,-219
2132,-56,16300,-482,115,-195
1092,-148,16832,-474,-224,-159
1084,-184,15224,-529,-288,-244
2320,92,16324,-545,-258,-262
2212,-108,15328,-415,-215,-167
1480,-56,15224,-447,-64,-179
1428,-188,16064,-417,-40,-240
2048,-68,15872,-480,-134,-208
1828,24,15596,-447,-101,-168
1512,-44,15584,-420,-85,-221
1772,-84,15928,-502,-138,-199
1792,-192,15460,-454,-128,-226
1844,20,15472,-497,-135,-181
1764,-108,15804,-486,-89,-189
1656,8,15880,-467,-107,-213
1828,-4,15468,-525,-122,-218
2044,-100,15484,-430,-113,-204
1832,-68,15512,-458,-83,-183
1492,-40,15752,-482,-101,-190
1704,-124,15800,-490,-127,-216
1812,-100,15364,-486,-157,-198
1856,-64,15636,-452,-95,-209
1768,-32,15616,-457,-93,-206
1700,-24,15704,-465,-126,-219
1740,-128,15792,-478,-168,-178
1712,-24,15584,-461,-121,-205
1652,24,15644,-475,-142,-197
1688,-104,15712,-499,-109,-202
1836,-12,15656,-492,-126,-213
1864,0,15500,-442,-135,-213
1632,-236,15412,-484,-112,-203
1676,-100,15840,-479,-97,-197
1684,-56,15744,-481,-105,-214
1920,48,15680,-504,-159,-232
1980,268,15536,-458,-123,-218
1716,-152,15580,-467,-124,-206
1756,-88,15608,-459,-138,-200
1740,-104,15712,-476,-152,-218
1916,-112,15564,-466,-131,-197
1844,-56,15612,-454,-156,-208
1608,-136,15744,-477,-125,-200
1636,88,15640,-505,-165,-228
1720,-68,15652,-482,-152,-184
1796,-140,15628,-481,-145,-184
1708,-8,15668,-481,-129,-197
1740,-32,15520,-468,-139,-214
1788,20,15464,-460,-140,-227
1836,-64,15632,-474,-137,-228
1788,4,15756,-456,-159,-204
1672,-192,15704,-477,-159,-198
1712,32,15560,-484,-133,-195
1832,-8,15564,-470,-145,-214
1720,4,15544,-476,-161,-212
1828,-52,15640,-477,-162,-190
1704,-88,15712,-478,-141,-206
1664,-8,15680,-479,-123,-200
1772,-132,15664,-457,-139,-218
1644,-108,15800,-495,-150,-197
1860,-116,15760,-486,-141,-221
1644,-136,15752,-470,-151,-206
1680,-64,15624,-479,-137,-207
1760,-64,15588,-511,-134,-185
1724,-128,15560,-468,-148,-205
1768,12,15696,-451,-163,-189
1704,-100,15504,-457,-150,-221
1780,-108,15656,-481,-123,-202
1808,-8,15620,-444,-136,-206
1792,28,15640,-482,-135,-192
1676,-80,15636,-489,-137,-215
1712,-16,15728,-498,-120,-206
1756,-60,15684,-476,-118,-225
1856,-32,15696,-484,-120,-211
1716,-36,15504,-499,-162,-214
1744,-148,15852,-504,-155,-221
1700,-12,15608,-493,-152,-210
1812,-96,15748,-476,-108,-205
1776,-92,15684,-489,-123,-185
1636,96,15684,-482,-153,-211
1708,-84,15780,-482,-190,-201
1716,-52,15460,-509,-141,-180
1776,-40,15656,-477,-120,-199
1644,-68,15552,-490,-147,-220
1816,48,15628,-477,-152,-224
1692,-36,15588,-482,-176,-215
1780,-176,15648,-491,-148,-224
1692,-80,15728,-483,-126,-190
1848,-92,15748,-478,-143,-218
1728,-100,15672,-482,-145,-179
1840,-52,15660,-472,-148,-203
1704,-56,15552,-473,-133,-206
1784,-132,15720,-493,-157,-217
1692,8,15588,-492,-130,-197
1700,-20,15672,-485,-124,-200
1812,0,15748,-464,-146,-181
1692,-84,15624,-485,-170,-204
1664,16,15596,-488,-115,-231
1800,-60,15644,-483,-130,-213
1688,-128,15568,-471,-134,-196
1712,-52,15568,-488,-121,-205
1740,-32,15592,-509,-175,-213
1844,4,15680,-448,-133,-214
1720,-4,15628,-481,-146,-208
1696,-8,15572,-486,-127,-191
1788,-128,15704,-462,-115,-197
1656,-36,15472,-499,-131,-208
1812,-44,15748,-470,-125,-220
1816,-96,15616,-473,-136,-200
1576,144,15436,-491,-120,-205
1688,-44,16084,-426,-107,-222
1728,-48,15772,-442,-142,-208
1696,-12,15552,-499,-154,-205
1656,-56,15840,-459,-126,-195
1708,-32,15592,-475,-133,-206
1648,-172,15608,-493,-153,-212
1692,-36,15636,-483,-109,-203
1760,-32,15564,-459,-140,-194
1620,-84,15656,-467,-134,-199
1788,-72,15712,-470,-153,-213
1704,-76,15556,-473,-197,-218
1720,-104,15752,-433,-109,-201
1732,-80,15672,-479,-121,-184
1720,4,15732,-470,-131,-188
1780,-152,15696,-478,-121,-191
1620,-88,15504,-484,-140,-200
1696,-80,15668,-481,-120,-212
1776,-100,15560,-516,-143,-226
1588,-48,15724,-471,-141,-200
1736,-36,15676,-447,-146,-208
1820,-112,15664,-483,-131,-225
1744,-80,15616,-470,-138,-214
1748,0,15628,-490,-102,-205
1808,-92,15612,-495,-140,-191
1808,-64,15680,-492,-142,-185
1792,-20,15576,-486,-111,-200
1716,-144,15648,-489,-135,-210
1732,-132,15572,-498,-148,-226
1776,-36,15628,-473,-143,-214
1812,-52,15756,-465,-142,-176
1816,-56,15652,-508,-137,-215
1724,-60,15660,-463,-143,-199
1720,-80,15704,-481,-137,-186
1756,-116,15624,-487,-145,-210
1704,-68,15716,-505,-155,-209
1816,-28,15624,-505,-97,-221
1728,-60,15708,-477,-115,-202
1880,-196,15712,-479,-142,-205
1816,-40,15544,-471,-133,-219
1716,-56,15724,-482,-156,-206
1696,-76,15732,-464,-153,-217
1744,-76,15420,-461,-143,-211
1676,20,15604,-457,-101,-216
1820,-108,15588,-465,-154,-199
1716,-124,15660,-485,-135,-200
1768,-124,15796,-459,-122,-199
1660,-80,15704,-481,-144,-217
1808,-60,15660,-492,-140,-200
1812,-44,15628,-483,-116,-208
1716,48,15644,-455,-111,-206
1844,-116,15612,-489,-165,-201
1704,0,15616,-458,-145,-228
1680,-80,15644,-464,-148,-215
1780,-108,15660,-453,-105,-211
1696,-80,15656,-474,-100,-210
1756,-36,15712,-472,-121,-198
1868,-64,15556,-480,-131,-209
1688,-52,15476,-469,-118,-192
1788,-80,15692,-498,-146,-199
1728,-44,15568,-478,-137,-204
1756,-148,15444,-490,-139,-198
1736,-28,15840,-476,-122,-206
1784,-92,15740,-508,-158,-217
1856,-48,15508,-479,-127,-215
1584,-40,15668,-478,-146,-215
1832,48,15640,-470,-136,-199
1788,-4,15560,-467,-125,-198
1692,-136,15680,-482,-148,-198
1760,-48,15688,-498,-125,-215
1752,-92,15568,-448,-120,-222
1756,28,15552,-481,-142,-222
1716,-148,15656,-468,-152,-192
1780,24,15564,-509,-123,-195
1680,-40,15592,-451,-130,-195
1820,-44,15748,-473,-139,-190
1808,-68,15604,-478,-136,-188
1756,-68,15540,-479,-127,-207
1720,-84,15576,-485,-115,-197
1668,-16,15664,-453,-124,-211
1760,-44,15596,-472,-125,-210
1740,-160,15708,-496,-144,-210
1748,-56,15640,-480,-138,-206
1672,-32,15592,-457,-112,-230
1684,-80,15620,-489,-122,-216
1824,-20,15656,-504,-130,-229
1848,-148,15584,-477,-137,-176
1692,-24,15688,-497,-129,-225
1776,-68,15672,-470,-132,-203
1712,-52,15548,-455,-168,-190
1896,-12,15780,-450,-115,-204
1788,-100,15584,-472,-163,-215
1824,-28,15532,-467,-137,-207
1860,-88,15764,-473,-144,-206
1724,-52,15648,-461,-133,-221
1884,-72,15828,-478,-145,-235
1724,-72,15660,-476,-122,-226
1816,-104,15700,-496,-160,-185
1676,-48,15696,-462,-133,-197
1724,-40,15524,-472,-125,-229
1768,-52,15640,-482,-148,-206
1824,-116,15612,-486,-125,-217
1812,-104,15608,-474,-149,-222
1708,-88,15552,-462,-116,-192
1772,-44,15552,-497,-150,-199
1780,-116,15592,-476,-144,-201
1724,-84,15724,-482,-119,-205
1692,-4,15556,-503,-135,-205
1680,8,15608,-435,-119,-194
1700,12,15696,-503,-163,-238
1760,12,15772,-501,-163,-206
1828,-64,15632,-477,-138,-203
1676,-56,15576,-495,-126,-193
1736,-12,15548,-475,-133,-218
1816,-84,15744,-490,-177,-217
1696,-116,15672,-463,-106,-203
1760,-8,15648,-495,-140,-219
1792,-40,15712,-489,-141,-203
1680,-104,15700,-504,-119,-208
1760,-92,15548,-476,-139,-193
1848,40,15784,-483,-168,-215
1776,-84,15664,-486,-110,-202
1684,28,15584,-488,-159,-208
1720,-152,15792,-464,-161,-208
1760,4,15600,-516,-164,-208
1752,-96,15548,-479,-137,-190
1828,-44,15620,-470,-135,-192
1696,-56,15740,-492,-135,-206
1832,-100,15748,-466,-118,-209
1868,-72,15540,-476,-126,-227
1680,-48,15608,-476,-157,-191
1844,-136,15712,-483,-123,-195
1664,80,15820,-483,-149,-199
1756,12,15688,-484,-133,-193
1844,-112,15704,-491,-130,-216
1772,-56,15728,-485,-174,-217
1692,-88,15640,-510,-130,-197
1748,-40,15708,-489,-140,-193
1796,52,15764,-464,-112,-208
1664,20,15632,-476,-145,-203
1800,-8,15700,-474,-135,-216
1648,24,15632,-520,-131,-222
1716,-84,15536,-497,-138,-201
1740,-96,15532,-479,-124,-214
1764,-112,15688,-480,-144,-195
1788,-84,15648,-512,-139,-221
1828,-64,15668,-466,-163,-202
1732,-112,15752,-473,-134,-218
1788,-32,15524,-475,-152,-220
1652,-16,15476,-482,-117,-217
1840,-52,15744,-476,-136,-194
1712,40,15488,-459,-110,-194
1732,-40,15616,-484,-131,-203
1740,4,15664,-485,-155,-214
1708,-104,15672,-459,-133,-219
1712,-16,15592,-483,-146,-200
1740,-100,15752,-498,-155,-211
1684,-72,15636,-483,-147,-238
1692,-76,15572,-512,-149,-211
1832,-84,15712,-497,-136,-200
1752,-64,15692,-491,-181,-218
1676,-48,15512,-468,-116,-195
1768,-156,15512,-489,-137,-196
1736,-80,15592,-458,-118,-196
1708,-80,15580,-495,-160,-242
1896,-24,15624,-480,-139,-200
1884,-48,15552,-488,-137,-209
1756,-96,15760,-485,-154,-201
1664,8,15600,-473,-161,-188
1700,0,15580,-473,-153,-178
1788,-72,15544,-484,-132,-200
1700,-112,15740,-469,-149,-206
1648,-24,15624,-475,-115,-206
1676,-72,15660,-466,-118,-201
1860,-80,15572,-477,-125,-209
1732,20,15704,-450,-158,-216
1680,-80,15600,-472,-159,-207
1716,-44,15580,-494,-115,-197
1896,-8,15628,-477,-142,-202
1680,-72,15684,-485,-151,-220
1776,-64,15732,-483,-128,-208
1700,-156,15668,-502,-146,-214
1744,-48,15644,-473,-113,-219
1852,-76,15624,-491,-125,-175
1740,-8,15808,-478,-157,-185
1768,-48,15640,-487,-164,-215
1816,-32,15524,-494,-149,-205
1724,-144,15516,-470,-146,-199
1656,-112,15532,-478,-112,-196
1716,-88,15648,-498,-136,-210
1748,-80,15700,-469,-100,-212
1708,-168,15644,-459,-132,-174
1784,-76,15600,-504,-139,-211
1656,-156,15724,-468,-132,-202
1708,-100,15648,-483,-153,-199
1760,-100,15580,-492,-153,-195
1780,8,15684,-459,-148,-183
1784,12,15508,-472,-140,-205
1780,-32,15732,-484,-129,-197
1744,-4,15856,-473,-116,-198
1592,-100,15580,-486,-134,-181
1812,-60,15664,-499,-166,-226
1712,-28,15736,-462,-127,-208
1556,-24,15612,-477,-145,-190
1732,-92,15572,-445,-132,-229
1688,24,15548,-478,-119,-201
1796,-112,15556,-501,-137,-193
1744,-120,15636,-481,-160,-202
1752,-136,15572,-458,-135,-191
1552,16,15688,-480,-129,-217
1708,-104,15524,-464,-143,-213
1788,-92,15620,-482,-122,-200
1668,-48,15580,-441,-139,-221
1736,-116,15656,-482,-150,-209
1812,-64,15460,-453,-148,-179
1780,-32,15572,-520,-126,-215
1756,-32,15752,-467,-157,-193
1644,-96,15568,-467,-119,-202
1764,-96,15508,-460,-137,-211
1732,-96,15664,-470,-136,-222
1772,-20,15464,-480,-155,-198
1752,-112,15500,-478,-124,-211
1848,8,15624,-478,-148,-217
1816,-44,15564,-459,-120,-203
1756,-40,15624,-487,-148,-221
1692,-92,15728,-471,-136,-190
1704,-52,15660,-466,-121,-210
1848,-68,15656,-476,-138,-206
1792,-60,15676,-475,-143,-221
1732,-128,15632,-479,-122,-219
1776,-76,15744,-473,-137,-220
1772,-16,15540,-468,-180,-227
1828,-16,15724,-488,-139,-205
1828,-92,15704,-452,-134,-211
1764,-64,15564,-465,-129,-204
1800,-64,15644,-479,-138,-220
1808,-132,15728,-476,-137,-206
1748,40,15528,-479,-139,-209
1804,-48,15636,-473,-121,-202
1624,-84,15644,-472,-116,-177
1764,-96,15640,-501,-149,-207
1716,12,15712,-473,-133,-193
1784,-80,15716,-491,-151,-228
1812,-112,15564,-488,-131,-220
1748,-124,15676,-483,-124,-228
1808,-64,15536,-468,-125,-218
1772,44,15640,-469,-133,-191
1684,-108,15528,-487,-173,-202
1752,-4,15488,-469,-160,-225
1748,-4,15568,-467,-142,-210
1672,-36,15768,-479,-99,-199
1808,-100,15612,-477,-130,-186
1728,-128,15768,-493,-123,-201
1780,20,15716,-491,-126,-192
1692,-76,15740,-485,-142,-202
1788,-28,15604,-472,-155,-223
1832,4,15664,-490,-153,-202
1768,-68,15692,-409,-85,-201
1780,-20,15668,-495,-146,-221
1696,-80,15580,-469,-129,-223
1792,-64,15512,-480,-129,-191
1812,16,15692,-487,-139,-204
1708,-36,15624,-458,-108,-213
1700,-72,15696,-490,-156,-190
1828,-116,15684,-453,-124,-193
1796,0,15568,-489,-121,-181
1772,-92,15772,-485,-137,-208
1796,-48,15740,-492,-166,-208
1800,-44,15592,-490,-155,-213
1848,-80,15676,-458,-135,-194
1684,-132,15724,-475,-143,-218
1856,20,15500,-488,-111,-195
1680,-40,15640,-476,-131,-206
1816,44,15720,-467,-139,-212
1740,-80,15684,-495,-136,-190
1808,-28,15800,-474,-141,-222
1792,-48,15656,-467,-129,-192
1644,-40,15656,-496,-145,-185
1664,-36,15632,-474,-144,-210
1736,-112,15732,-487,-159,-197
1712,-136,15548,-458,-119,-215
1784,-12,15468,-484,-139,-210
1808,8,15656,-461,-144,-209
1664,-100,15692,-514,-147,-206
1724,56,15540,-477,-132,-200
1740,-40,15632,-467,-102,-203
1724,-108,15764,-438,-153,-222
1680,-112,15672,-482,-159,-222
1732,44,15756,-470,-137,-185
1644,-108,15548,-475,-124,-189
1736,-132,15484,-487,-163,-188
1792,-76,15644,-446,-125,-213
1736,-12,15452,-474,-133,-194
1588,24,15620,-483,-136,-206
1800,-60,15588,-475,-136,-222
1832,-92,15516,-494,-152,-207
1744,-132,15672,-466,-137,-206
1784,-40,15780,-485,-122,-230
1684,-44,15532,-488,-149,-207
1812,-16,15524,-478,-132,-218
1744,-148,15780,-462,-127,-206
1724,-68,15844,-463,-160,-219
1692,-44,15672,-461,-154,-212
1812,52,15700,-478,-140,-220
1644,-80,15764,-465,-129,-218
1716,-24,15756,-477,-122,-203
1784,-104,15860,-475,-121,-207
1668,-36,15572,-485,-131,-202
1812,-40,15648,-493,-129,-204
1860,-40,15628,-492,-134,-196
1700,-40,15736,-493,-126,-217
1744,-8,15524,-490,-142,-190
1724,-56,15632,-473,-131,-216
1620,-44,15644,-492,-132,-214
1720,-120,15620,-480,-136,-201
1780,-76,15588,-463,-121,-222
1872,-100,15800,-457,-129,-207
1716,4,15748,-480,-131,-190
1744,-68,15716,-481,-154,-182
1760,0,15656,-495,-140,-217
1692,-108,15548,-503,-138,-189
1792,-12,15716,-450,-116,-214
1736,-56,15608,-474,-115,-203
1744,-84,15540,-466,-147,-201
1708,-164,15560,-470,-159,-192
1628,-16,15616,-492,-124,-195
1820,-128,15604,-461,-129,-211
1744,-124,15604,-488,-137,-205
1716,-92,15652,-474,-139,-220
1632,-32,15656,-475,-145,-204
1776,-36,15788,-491,-118,-219
1796,-8,15636,-485,-136,-185
1696,-8,15636,-485,-149,-211
1708,-32,15740,-488,-152,-202
1744,-60,15648,-479,-142,-219
1676,-20,15668,-484,-124,-216
1776,-12,15512,-497,-127,-213
1784,-104,15620,-463,-126,-206
1656,-44,15636,-478,-117,-236
1616,-92,15524,-456,-101,-210
1820,-64,15636,-477,-140,-229
1728,-76,15716,-448,-126,-183
1752,-96,15604,-487,-129,-189
1792,-144,15552,-471,-139,-204
1756,-76,15560,-467,-110,-194
1812,-44,15680,-499,-130,-208
1740,28,15656,-475,-137,-199
1752,12,15804,-460,-131,-208
1760,-20,15496,-478,-114,-227
1700,76,15764,-505,-160,-224
1780,-224,15572,-477,-166,-208
1712,-132,15608,-508,-127,-201
1788,-40,15552,-459,-122,-193
1672,0,15600,-494,-92,-206
1712,-128,15596,-473,-138,-214
1784,-104,15700,-460,-149,-204
1812,4,15592,-479,-110,-204
1692,-88,15704,-466,-125,-199
1756,-116,15696,-482,-160,-197
1836,-44,15532,-469,-107,-220
1808,-32,15668,-483,-127,-185
1800,-172,15564,-520,-156,-235
1664,-112,15648,-467,-148,-218
1800,4,15584,-452,-134,-207
1780,-76,15648,-458,-124,-200
1692,-40,15656,-457,-117,-187
1756,-28,15684,-460,-116,-195
1828,-100,15632,-476,-110,-214
1600,-160,15644,-492,-139,-195
1852,-60,15620,-474,-132,-207
1904,-120,15664,-456,-148,-220
1828,-104,15612,-481,-115,-187
1672,-128,15580,-476,-133,-203
1716,12,15620,-481,-166,-215
1764,0,15604,-481,-137,-209
1688,-80,15712,-474,-124,-198
1636,-36,15712,-485,-134,-195
1796,-92,15716,-474,-163,-199
1820,-48,15648,-492,-134,-204
1632,-108,15480,-514,-148,-194
1788,-52,15564,-470,-129,-188
1676,-92,15696,-466,-156,-186
1780,24,15604,-509,-162,-200
1880,-148,15624,-482,-139,-213
1860,16,15648,-484,-135,-201
1708,-28,15680,-472,-119,-175
1736,-108,15724,-508,-139,-204
1796,-176,15632,-495,-180,-214
1780,-124,15680,-504,-179,-235
1696,-12,15592,-512,-203,-208
1772,-24,15704,-516,-184,-188
1740,56,15644,-551,-213,-189
1692,-24,15820,-531,-218,-239
1684,-44,15768,-531,-207,-223
1884,72,15544,-508,-237,-218
1832,-60,14892,-545,-187,-188
1772,-48,15596,-558,11,-212
1592,12,15980,-494,-89,-218
1836,-164,15524,-495,-197,-246
1848,0,15444,-464,-134,-206
1728,0,15816,-487,-108,-196
1736,-60,15700,-499,-167,-184
1848,-60,15640,-488,-159,-217
1904,-12,15668,-467,-128,-218
1720,-92,15668,-480,-119,-186
1652,-140,15776,-494,-134,-216
1952,-108,15600,-487,-135,-207
1996,-88,15520,-500,-109,-197
1696,-128,15704,-469,-136,-197
1664,-104,15660,-481,-142,-194
1684,-112,15580,-484,-168,-199
1828,-104,15700,-454,-119,-168
1884,-20,15636,-454,-154,-197
1640,-48,15628,-473,-127,-206
1888,-112,15764,-486,-178,-214
1876,-132,15456,-489,-136,-205
1812,-16,15564,-466,-139,-199
1744,-96,15556,-467,-149,-191
1680,-56,15680,-489,-119,-204
1808,-92,15612,-469,-139,-205
1876,-136,15588,-468,-141,-195
1704,-56,15696,-469,-161,-211
1780,-56,15572,-488,-187,-211
1744,-168,15576,-465,-137,-215
1848,68,15460,-496,-132,-202
1816,-28,15608,-474,-153,-189
1792,-72,15552,-470,-130,-212
1680,-180,15616,-493,-146,-201
1736,-32,15596,-466,-142,-191
1808,-28,15596,-479,-131,-189
1648,-12,15540,-456,-125,-195
1748,-76,15572,-488,-153,-216
1816,-132,15568,-457,-150,-213
1788,-52,15604,-477,-121,-197
1764,-124,15680,-497,-145,-206
1800,-84,15704,-469,-135,-187
1916,-104,15648,-480,-133,-211
1884,-116,15808,-478,-147,-210
1800,-48,15780,-465,-145,-183
1824,-116,15600,-460,-150,-206
1828,-80,15472,-483,-160,-181
1892,-64,15604,-473,-158,-208
1748,12,15636,-483,-151,-204
1764,-116,15716,-493,-130,-226
1712,-112,15572,-478,-160,-201
1808,4,15728,-505,-135,-224
1680,-112,15764,-462,-128,-203
1716,-80,15716,-488,-149,-219
1788,-76,15636,-486,-140,-217
1724,-148,15720,-452,-143,-217
1916,-100,15620,-466,-136,-207
1656,-128,15620,-475,-145,-211
1820,-68,15636,-464,-124,-210
1816,-96,15608,-492,-145,-213
1748,-96,15584,-466,-144,-203
1736,-136,15768,-505,-154,-193
1784,-36,15768,-509,-153,-185
1688,-96,15680,-489,-109,-197
1756,-196,15632,-469,-122,-204
1732,-80,15484,-479,-132,-179
1816,-104,15664,-501,-137,-215
1712,-88,15652,-475,-141,-214
1748,-108,15628,-495,-130,-217
1764,-12,15764,-476,-121,-194
1880,-80,15548,-485,-155,-191
1796,-48,15596,-474,-132,-214
1860,-140,15612,-507,-149,-195
1716,-48,15588,-480,-151,-204
1776,-128,15664,-448,-120,-210
1876,44,15580,-472,-130,-214
1780,-112,15604,-494,-141,-207
1800,-32,15608,-495,-169,-208
1856,-92,15548,-488,-130,-196
1716,-96,15600,-495,-142,-199
1708,-136,15616,-475,-127,-218
1732,-68,15624,-491,-135,-223
1836,-92,15560,-507,-124,-208
1740,44,15588,-452,-118,-205
1760,-64,15660,-486,-135,-222
1776,-128,15600,-489,-142,-195
1688,-152,15652,-474,-154,-182
1860,-20,15644,-483,-146,-194
1680,-76,15448,-470,-174,-202
1916,-52,15588,-495,-159,-215
1776,8,15660,-477,-161,-190
1744,-100,15652,-476,-155,-207
1788,-76,15664,-475,-107,-192
1884,-84,15612,-470,-165,-210
1716,-124,15528,-463,-149,-206
1672,-120,15548,-468,-110,-230
1712,-144,15696,-502,-164,-215
1828,-60,15708,-485,-142,-212
1652,-64,15692,-492,-123,-201
1808,-68,15480,-469,-162,-206
1824,-12,15548,-473,-133,-213
1656,-72,15728,-462,-120,-193
1688,-20,15728,-491,-165,-200
1772,-184,15812,-490,-159,-192
1784,-80,15636,-506,-150,-213
1844,-108,15584,-459,-142,-206
1848,-16,15652,-486,-107,-208
1792,-48,15580,-472,-116,-185
1560,-64,15568,-479,-137,-200
1736,-72,15636,-488,-139,-229
1800,-128,15716,-513,-140,-199
1740,-104,15744,-462,-129,-197
1728,-100,15848,-475,-128,-192
1740,16,15656,-488,-132,-218
1828,-80,15548,-496,-155,-200
1664,-56,15528,-476,-128,-201
1852,48,15596,-478,-95,-202
1780,-100,15732,-491,-154,-197
1736,-100,15704,-486,-152,-213
1624,-40,15772,-499,-152,-194
1732,-32,15720,-461,-152,-202
1748,20,15620,-489,-109,-195
1772,-24,15684,-478,-120,-200
1768,-16,15720,-479,-148,-204
1788,-16,15772,-462,-150,-204
1816,-60,15648,-479,-160,-199
1800,-60,15568,-501,-123,-197
1736,-76,15580,-458,-142,-212
1872,-92,15716,-509,-153,-192
1768,-76,15696,-492,-154,-204
1772,-120,15560,-495,-94,-197
1788,-40,15708,-467,-146,-206
1736,-84,15544,-469,-116,-223
1824,-148,15684,-494,-167,-200
1780,-36,15608,-499,-151,-219
1628,-116,15664,-482,-117,-201
1692,-68,15620,-475,-104,-204
1764,-64,15632,-480,-144,-184
1788,-100,15692,-469,-157,-210
1860,-148,15680,-481,-106,-217
1704,-52,15508,-479,-112,-190
1904,-16,15612,-502,-126,-225
1856,-56,15676,-481,-131,-211
1780,-140,15588,-478,-130,-211
1700,-140,15572,-488,-123,-213
1872,-84,15572,-487,-152,-233
1812,-80,15656,-482,-126,-217
1732,-232,15672,-467,-138,-219
1812,-104,15676,-492,-150,-201
1780,-44,15840,-477,-171,-213
1768,-52,15528,-468,-188,-208
1772,-32,15644,-483,-181,-188
2008,-48,15916,-492,-162,-196
1716,-68,15644,-454,-157,-198
1748,-76,15916,-491,-127,-197
1788,-40,15812,-497,-191,-194
1788,-80,15644,-497,-148,-194
1760,-152,15832,-482,-109,-188
1848,-116,15712,-487,-159,-200
1808,-168,15532,-486,-127,-210
1764,-56,15740,-483,-141,-201
1732,-184,15604,-500,-161,-201
1732,-4,15820,-480,-132,-225
1784,-80,15616,-476,-134,-175
1784,-140,15440,-487,-147,-191
1844,-96,15780,-497,-136,-207
1828,-76,15700,-484,-168,-212
1756,-16,15592,-489,-129,-222
1792,20,15636,-503,-150,-198
1828,-148,15640,-480,-133,-213
1744,8,15552,-471,-138,-195
1844,-84,15664,-479,-169,-215
1864,-84,15488,-468,-158,-191
1832,-100,15648,-496,-136,-178
1692,-56,15648,-474,-135,-216
1756,-92,15588,-508,-138,-198
1848,-28,15928,-461,-38,-213
1608,-232,15984,-508,-65,-210
1512,-152,15900,-484,-170,-198
1832,-16,15736,-483,-191,-206
1768,-156,15752,-489,-181,-200
1716,-56,15512,-500,-162,-196
1720,-100,15796,-473,-147,-204
1704,-124,15680,-438,-159,-209
1712,-84,15508,-502,-131,-211
1752,-152,15700,-460,-133,-210
1952,-96,15528,-461,-162,-209
1712,-36,15704,-489,-115,-208
1848,-72,15592,-475,-159,-178
1796,-128,15432,-460,-121,-224
1744,-240,15704,-490,-131,-184
1820,-92,15704,-474,-152,-201
1712,-80,15324,-475,-127,-216
1868,-48,15656,-487,-119,-217
1748,-172,15608,-460,-147,-200
1880,-76,15628,-491,-132,-219
1832,-108,15624,-490,-141,-201
1872,-120,15472,-474,-152,-204
1880,-76,15600,-510,-131,-232
1832,-72,15676,-482,-123,-191
1940,-184,15552,-471,-120,-205
1856,-4,15636,-486,-136,-191
1724,-120,15504,-476,-114,-205
1720,-112,15480,-478,-158,-216
1700,-12,15588,-460,-131,-200
1844,-52,15540,-490,-119,-224
1808,-108,15520,-491,-142,-187
1756,-100,15644,-495,-126,-190
1884,-124,15580,-498,-133,-191
1788,-92,15704,-491,-153,-227
1584,-168,15796,-499,-60,-191
1564,-60,16084,-474,-260,-200
1772,-96,15472,-456,-255,-214
1856,-116,15644,-500,-169,-202
1852,0,15532,-465,-121,-213
1724,-92,15540,-476,-104,-196
1752,-128,15748,-502,-135,-206
1756,-60,15836,-472,-137,-185
1860,-140,15552,-482,-139,-206
1884,-156,15776,-475,-136,-210
1668,-92,15576,-491,-130,-214
1760,-20,15552,-483,-118,-200
1888,-64,15724,-472,-152,-215
1804,-40,15628,-490,-132,-195
1740,-128,15520,-487,-112,-203
1840,0,15664,-464,-150,-227
1780,-20,15472,-490,-172,-222
1944,-140,15692,-492,-146,-184
1792,-56,15476,-484,-111,-200
1764,-84,15680,-503,-147,-219
1872,-100,15836,-465,-173,-195
1868,-100,15564,-482,-130,-199
1732,12,15768,-468,-120,-192
1780,-44,15716,-490,-153,-206
1760,-152,15432,-466,-157,-200
1836,-48,15656,-481,-133,-189
1784,-136,15684,-473,-118,-206
1688,-108,15584,-470,-94,-215
1828,-32,15704,-490,-151,-202
1740,-8,15716,-478,-127,-211
1808,-168,15552,-467,-105,-212
1692,-164,15672,-477,-127,-225
1884,-144,15528,-461,-149,-246
1824,-132,15548,-482,-132,-226
1784,-84,15692,-477,-150,-216
1804,-40,15748,-484,-128,-188
1772,-8,15484,-473,-150,-202
1800,-36,15568,-462,-232,-188
1840,-16,15424,-480,-212,-212
1868,-152,15364,-484,-98,-214
1924,-84,15788,-499,-160,-211
1736,-212,15628,-494,-166,-211
1912,-8,15328,-453,-95,-222
2148,-204,15388,-439,-187,-214
1856,-64,15444,-475,-139,-207
1848,-96,15340,-478,-69,-227
2148,-84,15928,-491,-68,-201
1864,-48,15500,-489,-122,-193
1564,-68,15704,-470,-105,-232
1800,-160,15868,-500,-196,-211
1888,4,15180,-471,-138,-215
1824,-56,15708,-457,-82,-192
1692,-28,15968,-467,-124,-204
1796,-56,15680,-489,-161,-216
1912,-68,15856,-499,-141,-243
1888,-116,15556,-463,-143,-210
1788,-156,15280,-443,-38,-221
1756,-100,15876,-512,-33,-207
1616,-76,15492,-505,-144,-188
1816,-68,15624,-495,-151,-208
1800,-16,15772,-453,-141,-189
1696,-32,15496,-466,-104,-195
1848,-36,15672,-492,-138,-234
2004,-72,15684,-484,-183,-206
1872,-148,15480,-478,-150,-201
1824,-76,15668,-457,-105,-199
1716,12,15688,-468,-162,-209
1832,-112,15600,-487,-179,-201
1864,-64,15692,-455,-148,-193
1784,-104,15592,-480,-157,-226
1748,-76,15540,-470,-106,-207
1860,-104,15656,-475,-149,-213
1784,-128,15752,-460,-157,-195
1688,-44,15848,-489,-166,-196
1788,-128,15600,-439,-269,-182
1824,-152,15108,-478,-182,-226
1864,-88,15736,-498,-111,-234
1816,-148,15592,-467,-114,-209
1808,-140,15272,-458,-118,-204
1768,-100,15864,-477,-121,-189
1804,-164,15508,-465,-163,-230
1900,4,15496,-475,-159,-210
1928,-160,15636,-481,-118,-208
1604,-24,15500,-467,-145,-218
1964,-108,15500,-503,-156,-205
1812,-88,15656,-488,-156,-205
1628,-44,15572,-469,-135,-220
1680,-72,15684,-487,-137,-217
1900,-72,15500,-480,-158,-220
1828,-172,15512,-479,-155,-222
1892,0,15612,-463,-168,-211
1772,-116,15512,-494,-136,-205
1896,-48,15804,-478,-150,-210
1824,12,15616,-481,-165,-189
1780,-104,15500,-450,-137,-203
1756,-88,15736,-478,-135,-199
1692,-80,15576,-502,-177,-216
1672,-112,15624,-478,-174,-204
1700,-40,15720,-442,-144,-197
1788,-60,15560,-482,-149,-227
1704,-112,15600,-489,-115,-210
1712,-72,15444,-488,-127,-219
1700,-60,15552,-472,-121,-197
1748,-132,15628,-494,-164,-207
-476,-96,14012,-1065,-795,-337
712,2760,11464,-912,939,-165
1608,164,16732,-534,106,-189
1420,-404,16864,-391,-516,-185
1876,-484,14936,-376,-450,-213
1656,428,15356,-590,-220,-191
2320,-324,16672,-452,-179,-222
1464,-296,14756,-489,-74,-217
1936,160,16152,-512,-16,-196
1568,-196,15992,-444,-111,-202
1744,-184,15188,-443,-155,-170
1656,-20,16024,-496,-98,-186
1636,12,16204,-497,-209,-207
1716,-292,14916,-492,-99,-247
2048,152,16232,-492,-131,-191
1664,-192,15232,-452,-104,-201
1676,-76,15900,-482,-135,-215
1840,-132,15808,-475,-164,-226
1744,-116,15436,-490,-84,-224
1796,-84,15772,-508,-154,-187
1836,-40,15700,-463,-133,-206
1756,-68,15484,-500,-116,-204
1728,-88,15848,-457,-161,-202
1916,-20,15216,-408,-116,-182
1836,-160,16492,-512,-55,-188
1340,-176,16028,-498,-377,-221
1784,-8,14564,-505,-222,-259
2324,60,15956,-528,-194,-193
1908,-144,15316,-411,-93,-178
1496,-92,15700,-477,-64,-202
1760,-12,16056,-494,-199,-228
2060,-224,15200,-388,-225,-206
1808,-88,14892,-431,-124,-176
1732,44,15876,-477,-74,-174
1740,-168,15440,-499,-62,-227
1936,-116,15428,-462,-101,-202
1964,-12,15520,-443,-58,-178
1572,-68,15692,-446,-66,-203
1632,-64,15736,-475,-74,-216
1916,-20,15764,-464,-101,-221
1820,-20,15576,-455,-138,-209
1716,-12,15752,-467,-112,-205
1716,-88,15624,-487,-116,-186
1756,-16,15592,-491,-131,-221
1788,-184,15620,-470,-136,-228
1704,-120,15692,-475,-116,-202
1728,-64,15584,-459,-171,-210
1604,-92,15608,-485,-146,-191
1680,-64,15664,-482,-112,-206
1852,-168,15580,-476,-195,-203
1732,-108,15376,-472,-124,-220
1792,-96,15500,-460,-125,-208
1792,-124,15480,-444,-109,-175
1852,-24,15656,-457,-126,-202
1704,-108,15532,-475,-118,-219
1696,-92,15576,-473,-155,-206
1692,-32,15544,-454,-148,-209
1808,-100,15592,-464,-106,-214
1880,-20,15784,-450,-91,-202
1828,-148,15864,-453,-154,-209
1764,-72,15436,-482,-148,-218
1812,-64,15548,-480,-113,-211
1952,-100,15636,-450,-145,-227
1652,-32,15628,-455,-124,-187
1720,-40,15396,-459,-73,-221
1720,-44,15876,-475,-78,-219
1736,-76,15660,-469,-176,-206
1692,-44,15544,-478,-152,-220
1828,-116,15708,-443,-115,-205
1812,-164,15628,-452,-147,-192
1720,-8,15660,-469,-94,-209
1756,-24,15660,-471,-125,-215
1676,52,15624,-463,-137,-212
1828,68,15644,-476,-162,-188
1672,-128,15696,-486,-131,-188
1736,-84,15688,-500,-142,-223
1892,-124,15460,-495,-176,-186
1740,-124,15552,-515,-208,-210
1640,-72,15832,-469,-82,-206
1676,-68,15640,-471,-144,-212
1752,-48,15612,-474,-142,-183
1780,-136,15644,-476,-96,-212
1664,-92,15528,-486,-130,-208
1776,-52,15644,-487,-137,-239
1800,-8,15780,-506,-113,-203
1708,-92,15752,-461,-136,-192
1772,-52,15600,-463,-184,-215
1720,-144,15748,-487,-112,-219
1824,-216,15636,-472,-153,-204
1808,48,15628,-489,-130,-187
1768,16,15724,-472,-143,-204
1648,-24,15672,-485,-126,-195
1804,-24,15664,-478,-140,-209
1724,-28,15684,-487,-156,-204
1716,16,15664,-461,-107,-200
1700,-72,15704,-480,-132,-237
1848,-24,15456,-452,-145,-204
1740,-64,15744,-459,-119,-195
1724,40,15676,-470,-150,-186
1564,-32,15656,-469,-152,-193
1784,-68,15688,-441,-131,-216
1744,-32,15608,-468,-121,-202
1656,16,15656,-489,-112,-215
1740,-92,15684,-474,-131,-213
1780,-112,15752,-471,-112,-210
1804,-64,15640,-453,-119,-193
1728,-8,15652,-480,-119,-196
1772,-72,15620,-454,-109,-207
1716,-104,15676,-479,-132,-230
1732,48,15764,-480,-144,-202
1652,-84,15604,-488,-112,-209
1760,-96,15792,-492,-148,-199
1652,-108,15620,-451,-146,-191
1792,-96,15624,-500,-144,-199
1700,-116,15704,-473,-122,-206
1720,-212,15728,-486,-102,-223
1724,-96,15552,-490,-138,-210
1836,-84,15608,-482,-163,-190
1744,-28,15780,-487,-138,-215
1668,-132,15748,-449,-127,-245
1712,-12,15436,-464,-140,-202
1644,-80,15492,-505,-133,-203
1644,-56,15752,-489,-141,-225
1756,0,15620,-492,-158,-213
1772,8,15584,-491,-84,-190
1672,-108,15692,-465,-149,-189
1784,-56,15532,-471,-120,-183
1768,-16,15712,-453,-130,-200
1764,-56,15548,-503,-141,-201
1680,-56,15656,-467,-141,-198
1724,-40,15584,-482,-152,-209
1720,12,15688,-497,-148,-218
1712,-48,15712,-500,-148,-209
1708,-100,15620,-479,-167,-198
1692,-72,15508,-498,-154,-209
1696,-128,15600,-481,-143,-172
1732,-100,15716,-474,-101,-229
1704,-80,15696,-494,-162,-214
1756,-76,15572,-500,-131,-215
1692,-52,15656,-462,-145,-213
1808,-52,15636,-467,-126,-216
1764,-76,15808,-472,-110,-193
1732,-16,15708,-504,-147,-208
1748,-24,15484,-482,-143,-218
1736,-84,15640,-475,-127,-232
1772,-104,15708,-487,-122,-203
1680,-40,15660,-457,-146,-196
1852,-128,15660,-483,-152,-200
1764,12,15652,-463,-114,-213
1692,-116,15720,-482,-132,-192
1828,36,15788,-469,-148,-221
1784,-48,15560,-487,-165,-217
1820,-52,15464,-487,-153,-195
1796,-44,15520,-482,-120,-213
1764,8,15768,-468,-83,-218
1784,36,15680,-468,-121,-217
1644,-48,15496,-484,-120,-215
1856,-84,15676,-482,-125,-200
1712,-52,15604,-488,-134,-211
1676,-144,15668,-481,-154,-215
1768,-68,15540,-510,-152,-221
1928,-144,15604,-498,-168,-215
1780,24,15664,-461,-138,-196
1704,12,15656,-504,-129,-190
1756,-124,15704,-509,-142,-210
1816,-152,15652,-478,-142,-198
1772,-84,15680,-498,-141,-213
1748,24,15692,-485,-116,-207
1708,-44,15840,-485,-113,-208
1776,-40,15628,-476,-137,-209
1776,-68,15684,-499,-152,-211
1756,-104,15568,-485,-163,-211
1812,-76,15616,-499,-140,-213
1744,-144,15548,-480,-142,-204
1848,-44,15648,-485,-132,-208
1804,-16,15616,-446,-137,-208
1772,-60,15720,-482,-153,-218
1764,-128,15580,-508,-137,-230
1872,-96,15720,-476,-127,-217
1840,-20,15764,-484,-155,-205
1684,-92,15800,-458,-119,-200
1620,-20,15908,-469,-143,-231
1848,-72,15564,-498,-153,-218
1764,-16,15548,-488,-153,-208
1740,-12,15744,-473,-127,-221
1712,-92,15632,-471,-116,-212
1764,-20,15548,-483,-126,-187
1744,-88,15536,-476,-116,-186
1676,-48,15716,-475,-152,-203
1788,-40,15672,-468,-165,-209
1812,-24,15448,-463,-182,-194
1836,8,15760,-491,-146,-194
1816,-40,15700,-478,-130,-202
1712,-52,15588,-484,-151,-223
1848,-88,15640,-491,-121,-215
1792,-20,15916,-461,-148,-199
1720,-36,15464,-465,-130,-192
1772,-64,15680,-516,-169,-207
1724,-8,15632,-507,-137,-203
1712,-40,15584,-466,-142,-182
1784,-96,15588,-451,-114,-188
1812,-64,15744,-465,-147,-204
1636,12,15588,-500,-156,-212
1672,28,15588,-456,-142,-222
1784,-40,15424,-483,-98,-209
1864,-4,15624,-489,-111,-193
1756,-148,15608,-492,-155,-194
1772,-52,15512,-506,-126,-195
1760,-68,15676,-477,-136,-201
1580,-104,15704,-496,-155,-207
1736,-52,15724,-484,-138,-210
1844,-68,15780,-491,-103,-189
1844,-16,15740,-458,-160,-197
1664,-176,15656,-494,-145,-202
1732,-40,15636,-461,-100,-199
1848,-4,15676,-452,-128,-188
1672,-8,15652,-469,-129,-229
1728,-76,15540,-472,-120,-210
1764,-20,15648,-464,-134,-197
1728,24,15600,-491,-164,-200
1820,-60,15756,-477,-120,-212
1716,-96,15680,-470,-119,-216
1668,-84,15724,-464,-169,-207
1788,28,15844,-483,-166,-197
1748,-44,15636,-488,-138,-201
1812,-72,15704,-460,-152,-218
1760,-64,15576,-467,-155,-193
1780,-16,15684,-467,-129,-210
1644,-68,15668,-483,-142,-211
1704,-60,15704,-476,-148,-224
1756,-108,15584,-463,-149,-220
1820,-80,15632,-468,-110,-208
1696,-28,15732,-495,-129,-209
1672,-32,15628,-465,-108,-208
1688,-120,15624,-467,-126,-197
1748,12,15616,-486,-125,-216
1800,-156,15576,-455,-152,-206
1684,-56,15592,-469,-122,-195
1712,-24,15768,-455,-144,-229
1772,4,15640,-487,-132,-206
1848,-84,15696,-471,-135,-200
1732,24,15716,-508,-155,-239
1752,-56,15620,-479,-151,-203
1708,-100,15588,-462,-100,-207
1704,-76,15688,-472,-128,-188
1688,-60,15680,-480,-153,-210
1652,-116,15664,-474,-136,-197
1724,-24,15672,-452,-149,-225
1748,8,15628,-502,-154,-226
1708,-56,15752,-484,-135,-202
1728,-4,15632,-516,-168,-213
1728,-64,15764,-460,-119,-185
1664,-88,15628,-473,-155,-197
1620,-52,15620,-456,-145,-195
1700,-12,15608,-464,-108,-203
1700,-52,15816,-498,-126,-207
1780,-140,15604,-486,-147,-202
1692,-44,15704,-466,-136,-209
1672,-120,15772,-487,-142,-223
1752,-68,15744,-488,-150,-213
1628,44,15736,-479,-140,-186
1848,-76,15580,-475,-125,-204
1716,-64,15844,-466,-147,-191
1720,-28,15596,-476,-113,-199
1828,-76,15548,-488,-130,-176
1812,-172,15696,-494,-161,-225
1760,-84,15564,-488,-136,-218
1676,-16,15684,-500,-118,-219
1780,-68,15636,-481,-142,-207
1692,-80,15588,-470,-148,-220
1740,-88,15796,-462,-157,-208
1680,-28,15664,-466,-144,-204
1716,24,15744,-505,-139,-192
1844,-188,15616,-476,-149,-225
1712,-56,15596,-482,-108,-214
1740,-68,15548,-481,-145,-204
1788,-92,15716,-476,-150,-194
1792,-100,15616,-459,-136,-205
1688,-84,15704,-495,-174,-206
1760,-28,15456,-475,-151,-191
1876,-32,15632,-488,-131,-212
1736,-72,15624,-472,-139,-235
1724,-44,15672,-476,-119,-197
1768,-20,15732,-495,-132,-219
1740,-44,15644,-507,-162,-177
1692,0,15720,-486,-140,-200
1640,-64,15656,-517,-169,-202
1756,-40,15580,-502,-153,-205
1736,-40,15552,-476,-108,-180
1736,-112,15652,-498,-146,-178
1828,-92,15628,-482,-148,-218
1816,-52,15684,-474,-128,-193
1800,4,15508,-491,-148,-224
1760,-44,15672,-470,-134,-197
1852,-40,15712,-474,-135,-192
1736,-40,15672,-476,-134,-194
1704,-60,15656,-500,-123,-189
1748,-128,15600,-461,-108,-197
1804,-68,15496,-464,-131,-217
1804,-64,15804,-488,-142,-191
1800,84,15660,-492,-119,-219
1616,-76,15612,-489,-130,-208
1676,-144,15628,-476,-131,-224
1836,-100,15812,-481,-143,-222
1716,-176,15624,-474,-154,-194
1704,20,15812,-478,-140,-207
1756,-120,15616,-476,-139,-214
1796,-80,15760,-481,-154,-232
1672,-136,15636,-471,-117,-227
1744,-64,15600,-495,-132,-191
1684,-28,15708,-449,-114,-209
1832,28,15756,-453,-116,-201
1728,0,15780,-487,-152,-205
1732,-88,15756,-481,-119,-225
1736,-12,15592,-455,-128,-189
1824,-16,15728,-467,-136,-199
1708,-112,15580,-497,-129,-219
1780,-68,15712,-464,-173,-205
1732,-28,15672,-496,-152,-200
1800,-52,15808,-492,-153,-221
1712,-88,15616,-501,-148,-203
1664,-16,15644,-515,-133,-192
1768,-32,15588,-442,-157,-199
1796,-56,15628,-479,-116,-189
1780,-112,15664,-441,-129,-185
1748,4,15684,-502,-148,-210
1632,-32,15676,-480,-141,-208
1864,-104,15520,-471,-130,-221
1840,-100,15664,-487,-113,-198
1696,-92,15676,-473,-142,-208
1872,-52,15596,-467,-141,-186
1700,28,15636,-472,-145,-200
1836,-168,15704,-458,-129,-214
1760,-128,15656,-490,-146,-190
1760,-128,15560,-463,-112,-221
1704,-60,15544,-467,-126,-207
1756,-44,15616,-474,-141,-200
1704,-68,15640,-495,-135,-178
1760,-92,15736,-493,-122,-206
1800,-64,15628,-485,-127,-207
1836,-120,15656,-478,-127,-213
1676,-52,15652,-480,-156,-215
1624,-64,15568,-452,-133,-196
1784,-116,15652,-469,-140,-210
1700,-44,15648,-477,-145,-193
1760,-16,15616,-470,-138,-182
1744,-52,15712,-498,-144,-192
1760,-112,15656,-467,-127,-187
1780,-96,15656,-482,-103,-226
1744,-52,15552,-479,-147,-211
1816,-140,15636,-475,-124,-180
1652,-64,15632,-472,-151,-193
1672,-76,15676,-470,-152,-225
1660,40,15552,-507,-130,-217
1740,-84,15476,-486,-124,-218
1652,-116,15636,-505,-114,-207
1752,-64,15800,-488,-128,-225
1780,16,15664,-495,-139,-204
1700,-28,15572,-463,-161,-196
1808,-76,15636,-473,-152,-205
1752,-28,15540,-524,-145,-210
1776,-152,15576,-488,-151,-197
1824,-84,15656,-494,-156,-201
1816,-12,15716,-475,-141,-219
1676,-112,15568,-477,-137,-215
1832,-76,15640,-467,-150,-185
1764,-28,15640,-472,-143,-203
1740,-108,15548,-473,-128,-187
1740,-80,15640,-481,-168,-198
1764,-116,15520,-470,-163,-227
1612,-84,15600,-495,-136,-186
1652,-104,15636,-485,-113,-176
1776,-84,15616,-498,-154,-208
1756,-44,15652,-488,-136,-211
1736,-44,15560,-488,-141,-193
1732,-64,15520,-466,-146,-187
1632,-80,15644,-483,-151,-193
1728,-84,15688,-481,-120,-213
1676,-28,15528,-468,-140,-208
1708,-36,15536,-489,-167,-216
1780,-120,15660,-477,-144,-198
1688,40,15644,-497,-110,-197
1716,-116,15536,-468,-157,-198
1692,-40,15700,-477,-150,-199
1712,-100,15616,-490,-153,-220
1864,-64,15784,-483,-140,-214
1768,-4,15620,-451,-168,-220
1752,-84,15604,-472,-125,-189
1708,-36,15696,-446,-123,-212
1716,-100,15708,-475,-117,-218
1788,-120,15560,-504,-150,-188
1796,-80,15580,-488,-159,-209
1744,-88,15660,-460,-149,-212
1728,-44,15540,-483,-151,-199
1740,-32,15704,-500,-157,-199
1876,-44,15524,-500,-154,-198
1784,-88,15728,-494,-174,-236
1748,-24,15664,-478,-143,-199
1756,20,15672,-484,-166,-205
1688,-48,15604,-456,-154,-211
1696,-88,15664,-472,-144,-214
1552,96,15560,-490,-124,-193
1756,-64,15600,-481,-159,-201
1716,-56,15696,-475,-139,-196
1852,44,15636,-473,-128,-190
1780,-60,15588,-475,-167,-207
1720,-28,15576,-499,-153,-228
1812,-52,15548,-483,-157,-215
1704,-32,15652,-495,-137,-213
1760,-68,15588,-515,-164,-199
1712,-8,15648,-496,-128,-198
1740,-52,15684,-464,-147,-201
1756,-44,15672,-498,-163,-214
1628,-104,15684,-477,-150,-202
1740,8,15596,-491,-101,-200
1756,-96,15556,-479,-173,-216
1824,-32,15728,-483,-107,-216
1788,-28,15656,-459,-124,-203
1684,-128,15576,-494,-176,-197
1836,-80,15752,-490,-142,-221
1836,-36,15592,-492,-157,-208
1660,4,15528,-467,-143,-224
1748,-104,15604,-489,-118,-216
1700,-60,15668,-438,-130,-206
1728,64,15692,-445,-140,-208
1740,-32,15748,-479,-117,-203
1788,-88,15624,-470,-131,-197
1716,-52,15740,-467,-146,-181
1836,-148,15672,-478,-141,-208
1768,-20,15608,-495,-147,-189
1740,-60,15752,-475,-131,-189
1776,-52,15644,-481,-133,-204
1740,44,15800,-477,-153,-211
1792,-100,15560,-455,-99,-208
1800,24,15548,-501,-162,-217
1652,88,15616,-493,-160,-189
1780,-72,15616,-471,-133,-193
1776,44,15732,-470,-168,-209
1744,-136,15680,-479,-136,-209
1780,-60,15708,-453,-158,-218
1580,-12,15760,-477,-132,-209
1560,-84,15616,-506,-165,-231
1692,-48,15684,-481,-133,-208
1680,-64,15668,-480,-169,-194
1804,-68,15568,-485,-130,-191
1672,-72,15632,-479,-134,-206
1848,-28,15680,-468,-109,-201
1688,-4,15612,-479,-169,-207
1712,-24,15612,-480,-112,-206
1788,-124,15740,-469,-104,-203
1612,36,15692,-508,-123,-213
1672,-132,15664,-481,-131,-204
1656,-84,15560,-473,-145,-191
1748,-116,15604,-487,-112,-198
1752,-176,15620,-478,-146,-209
1748,-16,15584,-450,-112,-197
1760,-52,15744,-461,-159,-225
1616,-12,15560,-451,-135,-208
1756,-72,15592,-484,-135,-206
1808,44,15640,-480,-147,-219
1720,-32,15584,-481,-163,-180
1660,-68,15716,-484,-148,-193
1844,-112,15784,-465,-145,-171
1836,-36,15612,-489,-142,-197
1688,-92,15648,-478,-131,-214
1692,-4,15612,-477,-141,-199
1652,-120,15600,-471,-152,-204
1856,-32,15664,-466,-120,-232
1764,-72,15564,-476,-136,-214
1724,-144,15672,-461,-137,-228
1812,-48,15628,-484,-124,-194
1808,-72,15700,-491,-133,-212
1680,-84,15624,-454,-129,-199
1756,-84,15808,-520,-148,-193
1664,20,15708,-483,-154,-197
1792,-132,15604,-471,-145,-210
1776,-56,15660,-458,-138,-222
1768,-80,15676,-481,-125,-207
1816,-20,15788,-468,-142,-191
1764,-16,15748,-473,-129,-194
1652,-12,15524,-478,-160,-197
1856,-168,15660,-479,-122,-201
1832,-36,15512,-476,-138,-214
1740,-144,15580,-478,-136,-205
1800,-28,15652,-498,-142,-221
1836,16,15680,-490,-146,-182
1816,-72,15744,-488,-164,-191
1752,-4,15636,-499,-147,-198
1772,-76,15592,-453,-157,-196
1740,-120,15792,-472,-147,-194
1712,-104,15652,-466,-155,-214
1708,-156,15564,-500,-152,-164
1784,-112,15644,-473,-145,-191
1792,-20,15588,-492,-115,-207
1736,-64,15732,-492,-138,-199
1656,12,15568,-460,-137,-207
1792,12,15884,-493,-116,-227
1768,12,15636,-458,-136,-202
1740,-136,15556,-490,-186,-194
1760,-8,15552,-484,-160,-200
1800,-68,15576,-484,-116,-205
1684,-132,15648,-476,-142,-219
1692,-84,15724,-467,-150,-196
1764,-24,15544,-484,-158,-206
1740,-44,15624,-483,-122,-204
1668,104,15660,-462,-108,-207
1616,-16,15880,-478,-132,-191
1648,72,15732,-502,-130,-218
1840,-24,15636,-469,-155,-207
1712,-64,15732,-474,-100,-211
1748,-32,15704,-467,-124,-214
1700,160,15864,-479,-105,-205
1784,12,15628,-486,-127,-200
1784,24,15684,-489,-151,-218
1768,-52,15656,-502,-148,-219
1728,20,15704,-481,-131,-188
1688,-16,15580,-450,-117,-200
1824,-136,15660,-481,-116,-198
1780,4,15780,-473,-129,-194
1632,-72,15676,-485,-130,-192
1744,-20,15656,-463,-159,-187
1756,-128,15504,-489,-135,-229
1840,-44,15648,-477,-92,-197
1584,60,15612,-492,-154,-195
1752,-120,15500,-456,-146,-221
1780,-92,15624,-466,-127,-224
1852,-68,15620,-463,-146,-203
1724,-24,15528,-499,-128,-230
1684,-160,15648,-464,-111,-223
1892,-124,15796,-473,-140,-218
1700,-108,15484,-501,-118,-190
1764,-120,15588,-468,-159,-217
1720,-140,15820,-476,-138,-205
1836,-60,15564,-482,-148,-209
1732,-92,15828,-493,-140,-216
1732,20,15696,-490,-149,-206
1664,-24,15668,-470,-113,-214
1772,-120,15488,-497,-156,-211
1768,-12,15468,-472,-117,-182
1816,-64,15560,-459,-92,-197
1644,-152,15640,-466,-131,-206
1612,8,15580,-459,-126,-221
1792,-20,15644,-471,-133,-192
1696,-104,15704,-475,-158,-217
1652,-76,15716,-479,-129,-199
1712,-32,15696,-493,-134,-213
1768,-76,15544,-480,-145,-204
1808,-48,15728,-479,-115,-184
1672,4,15812,-495,-147,-186
1768,-4,15572,-481,-132,-209
1840,-116,15676,-484,-140,-206
1832,-64,15536,-457,-119,-219
1656,-64,15568,-484,-145,-216
1732,-48,15648,-478,-151,-225
1720,-64,15716,-476,-180,-201
1764,-40,15480,-464,-142,-218
1652,-84,15704,-485,-174,-225
1820,64,15672,-476,-124,-176
1744,-48,15596,-477,-123,-212
1816,-40,15696,-487,-132,-199
1732,-104,15688,-493,-133,-198
1664,-96,15684,-495,-147,-217
1768,-112,15764,-482,-143,-196
1768,-80,15716,-478,-134,-203
1692,-96,15584,-485,-137,-199
1816,-76,15652,-477,-133,-222
1640,-116,15640,-457,-149,-207
1776,-44,15628,-476,-147,-217
1696,-72,15616,-484,-117,-219
1800,-180,15628,-492,-132,-194
1752,4,15556,-439,-143,-233
1824,12,15676,-464,-134,-235
1772,-44,15612,-476,-145,-217
1728,-4,15504,-477,-92,-167
1740,-80,15772,-470,-164,-211
1780,-28,15556,-486,-162,-188
1756,-76,15604,-460,-138,-213
1700,-20,15532,-457,-129,-198
1632,-120,15600,-476,-166,-205
1648,16,15684,-469,-145,-204
1808,-120,15560,-461,-124,-206
1732,-148,15636,-488,-157,-197
1772,-88,15688,-469,-166,-215
1708,-32,15624,-476,-148,-185
1716,-28,15492,-476,-126,-200
1688,-80,15648,-506,-171,-191
1824,-8,15456,-486,-145,-191
1612,16,15492,-473,-127,-194
1632,-36,15808,-472,-139,-212
1720,4,15664,-479,-144,-219
1720,-48,15668,-471,-169,-202
1880,-40,15628,-489,-152,-201
1800,20,15600,-471,-162,-224
1688,-16,15648,-485,-126,-210
1776,-60,15560,-477,-145,-194
1744,-52,15676,-454,-148,-203
1780,-212,15592,-504,-125,-196
1816,-68,15688,-501,-128,-190
1564,-24,15728,-483,-138,-199
1724,4,15512,-480,-169,-209
1800,-64,15668,-457,-122,-212
1720,-108,15592,-489,-158,-200
1668,-148,15652,-477,-132,-189
1700,-92,15732,-473,-131,-180
1768,-56,15776,-473,-137,-201
1712,-100,15528,-495,-151,-211
1728,-56,15592,-492,-175,-187
1744,-28,15696,-466,-135,-192
1692,-84,15724,-480,-169,-211
1764,-100,15648,-488,-170,-182
1796,-60,15656,-457,-163,-226
1660,-112,15644,-470,-128,-189
1812,-8,15716,-501,-112,-202
1796,12,15472,-488,-126,-210
1736,-120,15816,-488,-79,-186
1744,-32,15656,-488,-153,-175
1684,-40,15592,-497,-139,-197
1792,-20,15592,-492,-85,-197
1700,-120,15548,-475,-144,-191
1796,8,15828,-484,-155,-224
1772,8,15628,-473,-112,-195
1728,48,15584,-509,-143,-207
1788,-96,15708,-467,-115,-202
1616,-200,15668,-476,-115,-186
1680,-32,15764,-463,-140,-207
1800,-64,15612,-462,-142,-216
1688,-20,15680,-476,-123,-180
1784,-140,15676,-502,-152,-202
1696,-112,15576,-470,-126,-197
1752,-112,15708,-498,-151,-211
1792,16,15656,-480,-173,-194
1688,-88,15488,-463,-174,-198
1752,-76,15632,-481,-113,-203
1888,-104,15716,-475,-126,-197
1716,-84,15580,-493,-154,-199
1828,-20,15604,-481,-145,-220
1812,-60,15720,-487,-126,-191
1788,-8,15672,-504,-156,-208
1720,-116,15420,-506,-144,-212
1716,-48,15520,-495,-177,-197
1724,-112,15528,-493,-141,-181
1672,-68,15628,-453,-160,-191
1728,-32,15584,-466,-159,-203
1624,-64,15464,-483,-131,-212
1812,-72,15788,-487,-121,-211
1848,-100,15620,-453,-134,-194
1888,-148,15736,-472,-112,-197
1800,28,15604,-482,-124,-198
1756,28,15500,-481,-108,-227
1720,-156,15740,-455,-153,-200
1780,-108,15636,-495,-141,-205
1776,-136,15664,-486,-164,-193
1764,-24,15588,-498,-146,-201
1736,-52,15656,-468,-119,-202
1800,-144,15732,-466,-138,-211
1816,-60,15620,-476,-163,-219
1788,-164,15600,-450,-129,-215
1800,-100,15772,-485,-167,-213
1704,-32,15672,-458,-118,-220
1788,-60,15652,-487,-164,-210
1756,-40,15732,-472,-142,-199
1852,-16,15472,-488,-133,-207
1752,-148,15484,-441,-140,-192
1716,4,15524,-470,-96,-201
1760,-64,15748,-457,-129,-180
1808,-56,15564,-490,-133,-208
1836,-60,15820,-450,-103,-181
1668,-20,15736,-479,-139,-201
1728,4,15688,-476,-156,-197
1764,-12,15744,-473,-125,-195
1744,-64,15560,-477,-145,-188
1788,-128,15608,-478,-140,-194
1796,-60,15772,-475,-154,-204
1768,68,15588,-465,-140,-217
1648,-44,15604,-478,-135,-199
1668,-16,15712,-475,-146,-199
1756,-16,15548,-465,-116,-201
1680,-60,15220,-467,-149,-208
1752,-36,15736,-487,-59,-200
1628,-68,15860,-457,-174,-186
1688,-40,15592,-478,-179,-209
1768,-20,15672,-465,-125,-196
1752,-52,15772,-463,-134,-179
1792,100,15588,-487,-147,-180
1680,-12,15552,-474,-154,-212
1732,-108,15600,-505,-136,-202
1788,-88,15664,-470,-126,-211
1808,-32,15764,-486,-152,-217
1792,-84,15744,-479,-122,-211
1748,-136,15480,-471,-166,-188
1764,0,15616,-465,-112,-200
1688,-64,15672,-476,-159,-215
1760,24,15596,-472,-154,-189
1656,76,15860,-449,-114,-202
1708,-72,15712,-478,-105,-189
1644,-36,15516,-485,-151,-206
1632,-80,15568,-495,-132,-196
1796,-108,15872,-456,-138,-214
1692,-76,15600,-484,-155,-206
1732,-32,15704,-465,-152,-220
1652,-44,15744,-488,-140,-212
1772,8,15656,-477,-162,-204
1804,0,15588,-470,-141,-203
1864,-60,15692,-513,-151,-204
1776,-84,15612,-498,-185,-192
1708,-68,15768,-495,-132,-206
1916,-48,15624,-490,-172,-210
1748,-48,15556,-508,-198,-219
1852,-48,15676,-480,-134,-198
1744,-164,15680,-469,-152,-216
1944,-68,15588,-479,-141,-227
1704,-24,15688,-481,-161,-188
1600,44,15624,-514,-158,-224
1836,-168,15628,-517,-188,-234
1776,32,15696,-473,-132,-214
1728,-100,15644,-470,-140,-212
1668,-112,15708,-506,-160,-214
1696,-44,15460,-477,-163,-205
1708,-28,15636,-502,-132,-220
1784,-12,15696,-488,-141,-204
1712,-16,15876,-491,-120,-198
1712,-28,15608,-476,-169,-206
1748,-140,15556,-473,-170,-198
1620,-84,15744,-479,-122,-206
1660,76,15724,-486,-185,-212
1736,-20,15732,-449,-194,-204
1792,-104,15640,-477,-151,-211
1672,-136,15576,-475,-140,-222
1724,-92,15600,-482,-129,-221
1600,-176,15648,-473,-139,-209
1664,-100,15628,-477,-115,-212
1860,-76,15624,-468,-119,-210
1808,0,15656,-495,-132,-220
1668,-36,15584,-460,-142,-206
1724,-48,15424,-491,-125,-230
1740,-108,15608,-485,-123,-194
1692,-4,15760,-461,-144,-201
1804,-84,15736,-471,-172,-213
1724,-16,15600,-463,-123,-189
1732,-100,15672,-479,-124,-224
1768,-32,15568,-482,-118,-164
1744,-24,15532,-464,-141,-186
1772,-36,15636,-469,-111,-202
1612,-24,15652,-452,-91,-200
1664,-144,15664,-475,-138,-188
1756,-36,15588,-504,-163,-182
1696,-52,15596,-486,-121,-223
1704,-116,15700,-486,-102,-204
1764,-4,15656,-477,-134,-217
1752,0,15708,-481,-146,-203
1816,-16,15876,-477,-131,-197
1688,-52,15664,-489,-190,-224
1708,-76,15660,-463,-141,-192
1724,-88,15668,-496,-132,-205
1800,-100,15688,-463,-154,-189
1616,-20,15648,-482,-134,-208
1716,-40,15664,-461,-145,-203
1724,-76,15676,-458,-165,-203
1692,-24,15576,-479,-135,-204
1904,-96,15688,-461,-145,-203
1824,-48,15636,-474,-124,-205
1732,-116,15528,-476,-128,-212
1772,-48,15748,-494,-150,-200
1632,-128,15716,-479,-163,-201
1680,4,15716,-485,-100,-226
1680,-76,15572,-486,-130,-210
1756,-60,15512,-469,-114,-195
1776,-80,15712,-485,-153,-203
1696,12,15484,-482,-134,-219
1708,-84,15532,-466,-152,-216
1740,-72,15576,-467,-156,-217
1740,0,15752,-494,-135,-198
1696,-48,15580,-461,-113,-194
1760,-32,15564,-480,-144,-187
1760,-180,15592,-462,-155,-206
1756,-40,15688,-490,-159,-212
1712,-88,15716,-491,-106,-201
1684,-28,15696,-491,-166,-208
1724,-92,15636,-452,-110,-208
1676,-136,15492,-494,-140,-206
1688,-44,15608,-455,-152,-181
1752,-184,15616,-440,-115,-224
1808,68,15740,-515,-141,-196
1812,80,15480,-478,-138,-215
1796,-24,15624,-466,-122,-211
1776,-44,15752,-503,-143,-175
1636,-40,15564,-499,-124,-206
1804,-68,15680,-505,-176,-220
1684,-24,15556,-504,-163,-208
1728,-152,15440,-479,-147,-213
1820,44,15828,-475,-128,-194
1772,0,15744,-499,-162,-203
1748,-228,15616,-475,-172,-199
1732,-40,15772,-496,-119,-221
1784,-132,15492,-499,-179,-208
1808,-48,15620,-482,-172,-206
1768,-100,15552,-493,-136,-208
1820,-116,15488,-484,-82,-186
1728,-100,15776,-444,-159,-219
1604,-132,15712,-496,-185,-196
1848,-128,15440,-525,-205,-231
2020,-144,15548,-485,-170,-190
1712,0,15492,-465,-170,-196
1680,-24,15468,-490,-116,-213
1772,-48,15588,-508,-181,-224
1816,-72,15556,-487,-178,-188
1740,-56,15592,-494,-93,-205
1744,-132,15616,-462,-127,-213
1688,-160,15812,-479,-154,-207
1776,-36,15572,-491,-123,-226
1768,-20,15732,-484,-128,-194
1720,-28,15548,-462,-137,-198
1676,-64,15616,-509,-160,-220
1800,-60,15548,-480,-129,-238
1820,-32,15492,-476,-121,-190
1820,-12,15848,-490,-119,-193
1596,-64,15764,-491,-146,-193
1884,-64,15656,-477,-154,-190
1864,-88,15648,-491,-127,-187
1856,-72,15576,-489,-113,-177
1808,-4,15720,-487,-146,-206
1720,-84,15692,-476,-155,-195
1740,-148,15520,-488,-162,-186
1848,-48,15596,-486,-119,-208
1672,-16,15676,-483,-149,-199
1780,-100,15664,-489,-128,-183
1760,-56,15532,-482,-156,-197
1856,-44,15644,-473,-168,-185
1768,-56,15632,-477,-115,-214
1716,-76,15636,-495,-109,-220
1876,28,15596,-488,-112,-211
1860,-68,15816,-447,-107,-200
1680,0,15704,-477,-143,-207
1740,-116,15520,-468,-151,-209
1820,0,15408,-480,-128,-223
1872,-168,15684,-504,-128,-205
1732,-44,15560,-506,-153,-190
1684,4,15712,-466,-127,-183
1872,-36,15580,-481,-145,-210
1756,-140,15500,-457,-121,-197
1728,-140,15568,-487,-127,-217
1656,-12,15748,-449,-153,-218
1832,-92,15628,-485,-135,-236
1788,-32,15736,-493,-163,-198
1864,0,15464,-456,-144,-216
1740,0,15812,-478,-140,-199
1692,-104,15668,-476,-145,-206
1648,-68,15656,-510,-144,-206
1792,96,15752,-488,-146,-216
1812,-80,15612,-471,-130,-211
1668,-36,15636,-480,-110,-204
1752,24,15764,-467,-169,-201
1800,-40,15512,-494,-153,-194
1704,-72,15776,-489,-156,-212
1716,-20,15628,-500,-144,-196
1724,-12,15580,-488,-163,-204
1860,-80,15692,-500,-162,-196
1780,-76,15600,-493,-147,-203
1700,-52,15616,-455,-167,-179
1728,-40,15616,-492,-154,-212
1768,8,15632,-484,-154,-192
1796,-52,15632,-477,-143,-213
1680,-96,15644,-485,-134,-208
1816,-100,15636,-466,-149,-201
1692,-116,15632,-459,-139,-200
1732,-4,15672,-472,-132,-183
1720,-72,15676,-484,-167,-204
1760,-88,15580,-454,-124,-204
1680,-80,15664,-485,-147,-226
1792,-16,15600,-493,-132,-198
1904,-44,15532,-497,-137,-216
1696,-36,15616,-499,-130,-218
1760,-68,15588,-457,-131,-234
1796,-72,15756,-503,-154,-212
1692,-20,15616,-467,-147,-195
1700,-52,15696,-466,-121,-206
1760,32,15652,-485,-115,-211
1880,-80,15604,-471,-150,-211
1776,-76,15636,-469,-130,-182
1596,-52,15584,-488,-171,-219
1804,-40,15708,-524,-168,-199
1796,-88,15496,-481,-139,-192
1856,-60,15660,-462,-111,-201
1684,-68,15556,-495,-151,-218
1704,-28,15644,-463,-156,-223
1816,-32,15632,-495,-160,-212
1788,-24,15656,-462,-134,-202
1664,-48,15644,-470,-162,-208
1720,-8,15588,-482,-159,-217
1764,-80,15672,-483,-153,-210
1808,4,15436,-468,-166,-185
1816,-24,15748,-476,-149,-214
1680,-16,15596,-479,-132,-218
1696,-124,15704,-501,-146,-210
1704,-68,15652,-495,-155,-213
1760,-80,15520,-491,-127,-192
1752,-68,15780,-476,-124,-187
1736,8,15788,-492,-166,-236
1792,-12,15596,-480,-147,-201
1804,-4,15720,-479,-143,-197
1688,-16,15776,-481,-142,-206
1664,-96,15568,-485,-137,-186
1876,-44,15628,-484,-156,-186
1760,-128,15692,-471,-135,-208
1640,-72,15696,-480,-136,-226
1768,32,15536,-487,-125,-187
1720,-72,15616,-475,-133,-214
1680,-84,15700,-460,-167,-200
1744,-36,15788,-473,-151,-194
1700,24,15632,-483,-164,-212
1700,-60,15664,-489,-133,-205
1784,-160,15664,-490,-129,-197
1624,-84,15568,-469,-126,-213
1708,-96,15632,-488,-146,-194
1804,-44,15640,-464,-155,-214
1796,-48,15684,-474,-128,-189
1748,-28,15692,-473,-136,-207
1680,-100,15660,-482,-144,-184
1716,-128,15624,-465,-125,-215
1748,-164,15524,-489,-110,-201
1740,-132,15560,-467,-149,-224
1728,-52,15548,-477,-135,-191
1704,-80,15736,-473,-113,-202
1812,-88,15660,-466,-139,-229
1848,-56,15656,-473,-145,-196
1636,-96,15500,-494,-130,-204
1692,24,15704,-478,-123,-189
1768,-12,15552,-479,-148,-207
1704,96,15744,-476,-147,-187
1760,-104,15700,-467,-143,-201
1780,12,15664,-459,-134,-211
1664,-140,15628,-507,-161,-193
1736,-76,15604,-462,-134,-204
1800,-68,15652,-480,-175,-222
1836,-120,15712,-488,-124,-187
1788,-160,15712,-462,-125,-236
1700,-56,15632,-469,-151,-198
1700,-24,15784,-469,-121,-193
1736,-140,15608,-467,-136,-191
1632,-112,15600,-476,-150,-220
1752,-40,15648,-473,-150,-226
1784,-48,15680,-500,-158,-210
1740,-28,15656,-459,-142,-214
1760,-124,15820,-471,-109,-202
1856,-20,15664,-473,-144,-205
1696,-84,15708,-488,-112,-214
1772,4,15616,-482,-140,-212
1760,-108,15520,-472,-139,-199
1648,-60,15652,-471,-151,-186
1644,16,15740,-480,-107,-182
1796,-28,15496,-464,-135,-190
1688,-64,15628,-457,-149,-176
1764,-28,15708,-468,-108,-202
1812,-164,15684,-497,-141,-211
1720,-84,15720,-466,-144,-208
1692,-4,15576,-488,-155,-222
1756,20,15604,-482,-94,-193
1700,-60,15564,-474,-144,-224
1748,-32,15652,-482,-144,-211
1784,-76,15704,-489,-142,-200
1696,-64,15668,-470,-130,-204
1848,36,15596,-478,-135,-180
1736,-80,15572,-485,-144,-220
1596,-76,15600,-480,-160,-191
1700,-64,15704,-475,-172,-206
1772,-48,15492,-487,-114,-204
1808,-76,15596,-464,-146,-211
1648,-56,15600,-472,-160,-206
1788,-40,15656,-484,-132,-211
1696,8,15548,-485,-125,-193
1852,-60,15684,-491,-128,-219
1836,-140,15588,-506,-140,-206
1780,36,15472,-483,-149,-230
1680,-128,15628,-501,-162,-202
1660,-104,15556,-468,-106,-186
1688,-112,15576,-474,-131,-220
1828,0,15604,-481,-147,-200
1744,36,15608,-499,-125,-216
1688,-176,15656,-486,-145,-202
1840,-88,15684,-454,-138,-230
1760,4,15568,-488,-140,-211
1724,-44,15540,-475,-138,-202
1764,-20,15732,-489,-116,-215
1768,-44,15688,-489,-134,-180
1596,-24,15676,-471,-121,-190
1780,-64,15548,-471,-135,-220
1700,0,15464,-479,-148,-214
1764,-64,15764,-483,-108,-225
1720,-136,15620,-508,-166,-200
1740,-60,15732,-477,-157,-202
1784,-124,15648,-476,-155,-208
1676,-20,15684,-478,-117,-217
1772,-108,15648,-503,-111,-198
1740,-36,15708,-484,-129,-193
1740,-104,15608,-518,-134,-212
1700,-152,15648,-476,-153,-231
1800,24,15604,-477,-154,-215
1760,-168,15652,-485,-133,-186
1852,-100,15820,-482,-160,-218
1752,-28,15716,-474,-105,-205
1660,4,15616,-498,-131,-220
1788,-48,15704,-471,-141,-220
1816,-136,15696,-472,-147,-200
1724,-84,15548,-446,-128,-217
1644,-48,15736,-491,-138,-207
1720,-92,15604,-480,-117,-218
1772,-20,15668,-472,-130,-205
1716,-188,15712,-479,-135,-204
1780,-92,15644,-478,-156,-186
1720,-28,15680,-466,-125,-200
1616,-48,15668,-492,-118,-190
1752,-40,15664,-466,-119,-208
1764,-104,15580,-499,-142,-218
1692,-44,15508,-484,-121,-213
1700,-36,15632,-466,-154,-217
1784,8,15540,-454,-120,-183
1740,-32,15612,-488,-161,-228
1796,-124,15456,-486,-141,-214
1784,-24,15628,-484,-142,-213
1676,12,15652,-455,-155,-205
1704,-52,15564,-479,-96,-209
1796,-64,15484,-486,-167,-229
1852,-52,15664,-465,-134,-240
1732,-12,15632,-479,-76,-211
1716,-40,15676,-479,-150,-197
1732,-148,15668,-482,-129,-217
1780,-44,15644,-483,-122,-217
1684,-28,15552,-488,-145,-202
1712,36,15572,-484,-142,-208
1748,-40,15760,-473,-161,-210
1848,-40,15808,-483,-162,-198
1696,-88,15540,-521,-152,-206
1728,-20,15660,-477,-132,-216
1816,-116,15584,-473,-133,-191
1868,-48,15672,-484,-159,-193
1792,-116,15416,-488,-163,-196
1736,20,15680,-478,-131,-212
1748,-28,15592,-475,-144,-189
1800,-24,15624,-471,-170,-222
1716,-36,15644,-455,-160,-226
1724,12,15664,-467,-146,-204
1756,-28,15584,-501,-159,-223
1804,-16,15588,-475,-148,-191
1808,-32,15600,-471,-99,-203
1744,-96,15672,-487,-143,-172
1732,-48,15636,-477,-153,-200
1696,-112,15752,-454,-135,-213
1772,-92,15672,-483,-153,-204
1688,72,15676,-486,-103,-199
1772,12,15616,-470,-145,-182
1844,-40,15540,-504,-161,-203
1772,-8,15684,-467,-117,-195
1624,-124,15628,-443,-127,-218
1800,-60,15572,-489,-125,-222
1700,-96,15536,-486,-134,-199
1792,20,15712,-462,-128,-205
1708,-68,15588,-481,-126,-198
1708,-28,15536,-475,-144,-198
1768,-8,15560,-483,-148,-214
1744,-88,15664,-486,-147,-195
1812,-12,15552,-441,-142,-234
1788,-64,15592,-509,-136,-188
1716,-80,15684,-498,-135,-213
1688,-20,15740,-446,-156,-199
1756,-64,15504,-474,-141,-189
1716,-32,15612,-490,-149,-225
1800,-76,15648,-488,-124,-196
1772,-64,15516,-472,-152,-195
1744,-92,15732,-470,-149,-223
1816,-24,15572,-467,-165,-183
1780,-64,15624,-470,-139,-197
1688,-40,15592,-498,-131,-180
1764,-84,15672,-478,-173,-202
1808,-100,15716,-482,-158,-204
1804,-108,15648,-483,-166,-198
1776,-52,15604,-505,-117,-207
1644,-28,15720,-481,-160,-195
1812,-132,15636,-467,-136,-191
1780,-64,15628,-442,-149,-223
1804,-80,15576,-477,-154,-186
1796,8,15588,-485,-134,-197
1756,-40,15812,-470,-124,-203
1788,-48,15728,-484,-118,-211
1796,-64,15560,-483,-146,-192
1780,-72,15636,-483,-133,-208
1740,-92,15648,-489,-152,-199
1764,-56,15656,-474,-150,-209
1752,-132,15680,-482,-160,-207
1628,-24,15644,-474,-149,-194
1768,-108,15596,-457,-157,-199
1728,-108,15616,-470,-126,-213
1712,-80,15716,-496,-152,-198
1708,-104,15572,-477,-123,-189
1748,-28,15676,-506,-141,-205
1752,-28,15596,-473,-177,-227
1712,-84,15648,-470,-111,-200
1732,-164,15488,-459,-133,-209
1808,-108,15724,-489,-144,-210
1720,16,15584,-493,-137,-197
1736,-40,15596,-480,-165,-210
1860,-32,15660,-473,-142,-196
1720,16,15508,-472,-131,-198
1804,-44,15724,-496,-175,-214
1728,-92,15712,-503,-121,-202
1724,-112,15760,-493,-142,-191
1740,-56,15640,-480,-151,-203
1828,-92,15640,-493,-161,-216
1788,-16,15748,-490,-165,-221
1844,-80,15560,-473,-151,-209
1804,-88,15636,-484,-161,-198
1728,-88,15480,-489,-143,-188
1700,-32,15696,-510,-136,-207
1656,8,15672,-480,-129,-213
1764,-148,15476,-487,-114,-221
1712,-108,15520,-469,-149,-201
1820,-72,15524,-492,-131,-194
1664,-88,15648,-484,-135,-216
1844,-56,15600,-448,-122,-211
1688,-48,15732,-488,-147,-205
1596,-20,15728,-482,-155,-196
1712,-100,15712,-482,-160,-198
1704,-104,15584,-461,-155,-192
1676,-36,15716,-468,-116,-196
1676,-84,15540,-480,-125,-215
1768,-128,15656,-500,-132,-203
1764,-80,15628,-475,-156,-218
1696,4,15816,-469,-124,-220
1720,-100,15724,-458,-132,-200
1708,-164,15572,-454,-128,-222
1728,-108,15600,-473,-142,-210
1832,-4,15604,-499,-143,-207
1808,-108,15692,-473,-145,-197
1632,-84,15508,-476,-143,-196
1804,-124,15700,-476,-131,-199
1848,-112,15732,-496,-124,-202
1796,20,15672,-477,-141,-206
1684,-40,15608,-489,-130,-194
1808,-208,15684,-485,-139,-203
1772,-16,15696,-461,-119,-213
1772,104,15656,-460,-154,-209
1716,-84,15620,-497,-133,-199
1784,-108,15620,-509,-140,-189
1780,8,15668,-467,-137,-215
1672,-4,15472,-479,-125,-200
1720,56,15548,-481,-128,-187
1684,-52,15588,-476,-139,-203
1728,-32,15476,-498,-147,-207
1700,-68,15616,-480,-138,-199
1792,-116,15692,-476,-131,-215
1788,-48,15732,-503,-120,-211
1764,-80,15624,-502,-157,-212
1716,-28,15616,-479,-157,-215
1828,-84,15584,-482,-158,-194
1768,-108,15800,-489,-134,-179
1820,-48,15648,-456,-121,-210
1780,-44,15476,-492,-140,-207
1816,-80,15644,-501,-142,-198
1692,-68,15676,-472,-111,-187
1676,16,15576,-476,-151,-195
1704,-72,15756,-511,-135,-214
1784,20,15672,-486,-163,-212
1652,-96,15636,-471,-130,-219
1668,-84,15484,-515,-104,-217
1776,-44,15464,-478,-118,-193
1632,44,15580,-500,-116,-197
1696,-148,15716,-462,-150,-209
1704,-44,15704,-490,-175,-215
1728,32,15696,-483,-146,-202
1784,56,15672,-470,-110,-201
1788,-112,15592,-468,-140,-195
1788,64,15636,-471,-128,-197
1800,-88,15604,-477,-143,-213
1776,-120,15636,-469,-125,-213
1772,-84,15548,-475,-138,-221
1744,-36,15768,-486,-134,-203
1788,-84,15636,-482,-119,-206
1856,-100,15664,-494,-160,-207
1808,-168,15720,-482,-144,-206
1704,-40,15692,-483,-139,-216
1800,-8,15696,-471,-149,-213
1812,-72,15600,-487,-149,-195
1700,-40,15612,-471,-136,-208
1768,-104,15704,-476,-139,-189
1780,-32,15648,-474,-122,-215
1828,-44,15652,-497,-126,-210
1752,-120,15620,-461,-118,-219
1924,20,15644,-499,-126,-194
1772,-24,15592,-463,-129,-210
1836,12,15568,-473,-194,-214
1644,-48,15532,-476,-134,-203
1824,-68,15464,-469,-155,-200
1792,-132,15560,-481,-133,-213
1780,-52,15608,-484,-150,-205
1696,-100,15564,-475,-154,-212
1840,-44,15812,-485,-120,-211
1744,-112,15584,-488,-133,-211
1856,-104,15656,-472,-120,-190
1808,-100,15628,-487,-117,-182
1712,-60,15512,-489,-137,-195
1808,-16,15672,-493,-168,-204
1768,-60,15696,-479,-154,-195
1748,-116,15796,-457,-119,-194
1792,-28,15608,-506,-145,-209
1584,-28,15576,-487,-137,-214
1764,-44,15620,-492,-111,-181
1696,-60,15616,-481,-143,-193
1732,0,15784,-482,-119,-205
1712,-76,15680,-469,-131,-203
1720,-44,15720,-479,-139,-227
1840,-104,15556,-473,-118,-182
1672,-8,15564,-490,-123,-200
1780,-64,15752,-480,-127,-199
1756,-112,15704,-492,-170,-235
1808,-104,15772,-466,-159,-210
1700,-96,15604,-487,-130,-209
1796,-32,15660,-504,-140,-190
1816,-12,15572,-505,-145,-202
1828,44,15728,-490,-147,-193
1848,-28,15540,-471,-145,-218
1764,-140,15500,-502,-128,-204
1712,-44,15480,-503,-136,-231
1796,-92,15668,-480,-134,-189
1776,-4,15580,-476,-128,-221
1720,-20,15772,-473,-125,-227
1696,4,15520,-479,-131,-200
1896,-44,15564,-476,-117,-201
1780,-24,15756,-473,-132,-219
1772,-48,15628,-476,-158,-214
1676,-52,15720,-492,-127,-200
1868,-140,15684,-474,-146,-207
1760,-48,15684,-469,-104,-227
1744,-64,15564,-452,-152,-196
1740,-144,15656,-484,-141,-203
1760,-56,15584,-495,-130,-190
1820,-80,15456,-469,-148,-201
1816,-108,15564,-499,-146,-210
1712,-40,15648,-483,-155,-190
1816,-68,15620,-493,-128,-224
1760,-44,15628,-460,-152,-208
1712,-124,15556,-470,-130,-210
1720,-116,15548,-493,-123,-188
1776,-100,15648,-485,-146,-217
1764,-100,15592,-479,-154,-214
1676,-144,15616,-485,-163,-194
1804,-20,15648,-472,-108,-213
1744,-128,15660,-474,-172,-200
1764,-180,15668,-506,-142,-201
1820,-68,15628,-477,-152,-226
1708,-96,15744,-463,-138,-215
1752,-84,15692,-471,-126,-219
1672,-100,15428,-473,-122,-185
1812,-64,15644,-483,-132,-223
1840,-32,15612,-489,-121,-184
1672,-140,15660,-480,-152,-222
1688,-28,15596,-479,-152,-192
1748,-44,15628,-476,-131,-196
1692,-76,15544,-481,-148,-190
1676,-148,15632,-490,-138,-211
1748,-100,15732,-491,-147,-225
1744,-56,15680,-461,-128,-204
1660,-132,15540,-478,-165,-198
1600,-32,15704,-471,-140,-207
1680,-80,15572,-473,-166,-206
1840,-24,15568,-496,-157,-207
1728,-44,15760,-472,-141,-209
1744,-88,15716,-474,-155,-193
1780,-28,15556,-468,-124,-220
1776,-28,15696,-481,-151,-204
1840,-100,15580,-465,-168,-201
1732,-56,15588,-477,-110,-225
1648,-48,15736,-475,-139,-209
1784,-56,15624,-509,-162,-214
1768,-36,15652,-482,-155,-216
1796,-96,15712,-480,-158,-224
1800,-108,15620,-465,-156,-213
1848,-36,15568,-504,-106,-195
1704,-116,15608,-461,-162,-225
1776,-88,15600,-467,-108,-196
1760,-80,15668,-494,-138,-212
1764,-48,15668,-473,-153,-218
1816,12,15560,-475,-164,-219
1780,-148,15592,-483,-124,-193
1728,-64,15584,-469,-133,-192
1700,-100,15656,-482,-114,-205
1744,-60,15752,-494,-118,-206
1784,-76,15580,-480,-132,-200
1712,12,15708,-466,-143,-210
1776,-112,15688,-479,-147,-231
1880,-28,15596,-490,-152,-208
1784,-28,15516,-485,-137,-225
1652,-84,15696,-486,-168,-224
1800,60,15780,-475,-141,-220
1876,4,15704,-480,-150,-200
1844,-100,15608,-488,-144,-212
1692,-120,15524,-447,-149,-186
1704,-132,15604,-469,-154,-197
1776,16,15616,-481,-159,-200
1784,-92,15572,-469,-146,-210
1848,-140,15660,-470,-118,-183
1708,-32,15708,-475,-136,-203
1724,-28,15588,-487,-147,-212
1784,-24,15540,-484,-156,-218
1780,12,15520,-502,-133,-199
1684,-12,15672,-450,-149,-231
1708,-60,15580,-488,-135,-206
1824,-20,15600,-489,-165,-234
1768,-72,15684,-471,-158,-200
1824,-84,15584,-460,-142,-181
1740,-192,15620,-480,-111,-208
1732,-16,15636,-501,-147,-196
1752,-112,15712,-485,-191,-192
1784,-44,15524,-473,-114,-206
1776,-80,15644,-481,-166,-194
1724,-44,15448,-478,-106,-223
1816,-56,15684,-465,-130,-201
1800,-108,15716,-482,-148,-220
1604,-100,15616,-465,-136,-213
1684,-44,15656,-488,-157,-200
1768,-84,15560,-472,-147,-198
1804,-44,15640,-474,-189,-184
1856,-76,15620,-477,-123,-201
1804,-164,15556,-496,-135,-198
1712,-80,15588,-479,-162,-198
1688,-72,15704,-485,-161,-189
1864,-44,15444,-486,-139,-207
1804,4,15628,-463,-143,-200
1816,-28,15716,-483,-143,-219
1852,8,15592,-494,-142,-228
1588,-128,15600,-492,-148,-182
1712,-92,15608,-496,-146,-215
1732,-40,15644,-457,-155,-202
1712,-68,15768,-490,-153,-204
1708,-24,15652,-484,-140,-196
1700,-124,15620,-500,-183,-189
1820,-48,15716,-487,-147,-219
1648,-100,15736,-471,-148,-206
1796,-104,15544,-472,-139,-205
1756,-68,15664,-474,-137,-205
1720,-48,15624,-498,-139,-213
1824,-8,15588,-490,-126,-201
1780,-96,15720,-458,-145,-201
1776,-36,15728,-456,-163,-183
1720,40,15696,-473,-139,-204
1832,-84,15608,-464,-123,-195
1692,-60,15664,-480,-152,-209
1724,-84,15640,-487,-130,-195
1720,-108,15644,-461,-133,-205
1796,-40,15588,-473,-125,-179
1680,-52,15588,-479,-130,-198
1796,-144,15696,-477,-155,-219
1808,-48,15744,-482,-135,-224
1792,12,15660,-489,-121,-224
1812,-48,15588,-455,-150,-213
1692,-40,15720,-493,-141,-212
1788,40,15656,-495,-122,-204
1732,-164,15676,-469,-123,-193
1820,36,15732,-497,-142,-224
1796,20,15696,-467,-135,-192
1792,-16,15604,-494,-140,-211
1724,52,15604,-480,-140,-184
1696,-112,15748,-481,-120,-198
1736,-160,15748,-492,-157,-207
1764,-52,15664,-436,-159,-190
1804,4,15636,-488,-173,-198
1792,16,15680,-457,-138,-212
1868,-56,15660,-473,-162,-191
1672,-32,15644,-454,-127,-228
1724,-64,15540,-468,-143,-206
1808,-16,15516,-459,-119,-197
1672,12,15532,-466,-141,-203
1724,-76,15648,-472,-140,-189
1700,-64,15764,-479,-140,-190
1676,-148,15732,-472,-128,-225
1840,-112,15700,-487,-146,-190
1828,-60,15624,-457,-147,-206
1848,-100,15568,-478,-126,-200
1748,-100,15728,-483,-155,-201
1716,-28,15660,-477,-124,-205
1772,-164,15772,-474,-134,-197
1708,-68,15692,-470,-143,-198
1716,-120,15624,-486,-118,-186
1780,-140,15776,-501,-143,-212
1628,-48,15560,-523,-179,-212
1792,56,15600,-492,-130,-221
1720,-4,15792,-479,-134,-214
1768,-120,15584,-478,-130,-191
1748,-60,15696,-488,-167,-199
1816,12,15640,-468,-143,-219
1660,-108,15752,-488,-130,-206
1704,-92,15640,-503,-138,-205
1768,-140,15580,-480,-142,-197
1668,-88,15580,-471,-147,-178
1832,-48,15656,-495,-140,-219
1800,-152,15796,-490,-129,-212
1708,-80,15628,-444,-172,-214
1768,-112,15680,-486,-145,-233
1780,-12,15744,-495,-175,-205
1780,-116,15684,-462,-127,-218
1784,-148,15736,-470,-115,-208
1736,-52,15652,-506,-152,-215
1680,-92,15572,-486,-113,-211
1756,-40,15612,-456,-140,-214
1704,-32,15564,-473,-103,-223
1692,-56,15596,-491,-141,-201
1576,-36,15568,-455,-127,-212
1792,-60,15620,-496,-148,-200
1756,-156,15728,-497,-124,-205
1816,-88,15752,-480,-131,-185
1764,-96,15640,-490,-153,-213
1792,-80,15580,-472,-136,-210
1636,-72,15684,-497,-136,-230
1796,-68,15668,-474,-133,-190
1664,-96,15616,-496,-158,-174
1888,4,15744,-472,-175,-204
1652,-200,15572,-478,-129,-190
1832,-60,15736,-478,-172,-201
1708,-16,15752,-471,-134,-207
1688,-116,15644,-482,-127,-214
1704,-32,15684,-474,-161,-207
1800,-24,15828,-490,-132,-220
1716,-60,15600,-472,-135,-216
1736,-100,15692,-486,-122,-198
1856,-96,15724,-464,-125,-195
1760,-72,15480,-469,-170,-197
1700,-116,15636,-496,-151,-182
1772,-60,15688,-465,-136,-201
1732,-60,15644,-495,-158,-208
1784,-100,15704,-494,-154,-220
1644,-60,15648,-472,-144,-201
1788,-124,15648,-484,-138,-208
1828,-48,15752,-469,-125,-222
1788,-116,15684,-484,-132,-210
1772,-36,15696,-486,-131,-216
1748,-84,15732,-491,-122,-211
1788,-64,15832,-482,-132,-199
1780,-96,15724,-497,-186,-184
1820,-36,15596,-478,-139,-198
1676,-52,15584,-469,-139,-204
1768,-204,15684,-476,-145,-205
1800,-64,15524,-502,-155,-214
1824,-28,15544,-482,-132,-206
1784,-96,15836,-496,-127,-222
1636,-184,15696,-490,-155,-209
1720,-184,15760,-502,-124,-203
1884,44,15664,-482,-128,-219
1780,12,15704,-469,-111,-192
1848,-144,15472,-485,-150,-198
1720,-12,15596,-466,-118,-198
1864,-52,15572,-489,-119,-218
1860,-180,15644,-482,-147,-208
1720,40,15640,-443,-121,-213
1688,-8,15604,-475,-110,-209
1792,-84,15552,-500,-109,-215
1720,-100,15572,-483,-115,-190
1816,-60,15844,-505,-147,-210
1780,-112,15680,-493,-124,-201
1708,-8,15676,-504,-150,-211
1740,-128,15488,-487,-142,-198
1816,-76,15708,-486,-137,-217
1864,-144,15608,-469,-140,-203
1700,-40,15572,-496,-112,-214
1800,-84,15504,-506,-163,-216
1724,-20,15584,-468,-153,-183
1672,-112,15680,-491,-148,-196
1656,-48,15616,-496,-155,-202
1720,-148,15640,-490,-123,-218
1864,-92,15464,-479,-148,-213
1792,-188,15600,-480,-139,-208
1744,-132,15700,-501,-151,-211
1692,-44,15700,-489,-138,-190
1732,-116,15464,-470,-150,-232
1700,-60,15664,-485,-146,-220
1792,-164,15640,-477,-122,-207
1700,-28,15444,-484,-118,-191
1764,-76,15620,-472,-143,-223
1832,-24,15792,-493,-143,-202
1736,-100,15608,-473,-139,-223
1848,-64,15604,-516,-151,-205
1776,-100,15764,-489,-144,-188
1772,32,15588,-470,-128,-187
1776,-48,15724,-506,-158,-187
1728,-48,15576,-488,-127,-198
1780,-64,15720,-487,-126,-212
1708,-116,15740,-482,-140,-219
1816,-116,15608,-482,-134,-214
1680,0,15656,-473,-132,-231
1732,-36,15608,-491,-145,-186
1676,-80,15576,-473,-135,-224
1776,-100,15600,-462,-134,-206
1672,-116,15712,-445,-129,-227
1720,-108,15452,-501,-142,-215
1708,-68,15636,-488,-157,-223
1724,-56,15580,-473,-157,-207
1784,-152,15640,-485,-141,-208
1752,-108,15740,-493,-150,-189
1780,-12,15600,-483,-115,-215
1760,-24,15760,-492,-145,-189
1684,-112,15696,-479,-139,-206
1764,-92,15824,-508,-142,-212
1868,-56,15612,-439,-158,-218
1764,-28,15676,-497,-134,-209
1836,-24,15620,-472,-133,-191
1704,-64,15712,-501,-128,-200
1736,40,15672,-497,-140,-207
1756,80,15540,-493,-142,-187
1740,-8,15636,-500,-148,-205
1716,-44,15628,-473,-126,-243
1656,-80,15684,-476,-155,-218
1856,20,15644,-475,-124,-215
1788,-96,15552,-492,-157,-220
1768,-124,15544,-467,-129,-204
1820,100,15588,-459,-153,-211
1732,-116,15600,-483,-118,-223
1756,-44,15764,-470,-143,-230
1780,-116,15580,-478,-151,-192
1652,36,15608,-462,-158,-206
1812,-16,15708,-463,-136,-210
1732,-68,15760,-504,-133,-217
1784,-60,15636,-473,-139,-201
1768,-124,15612,-476,-156,-211
1624,-28,15820,-463,-140,-204
1752,-168,15772,-451,-135,-197
1796,-32,15476,-492,-161,-216
1852,-84,15752,-475,-129,-215
1916,-96,15512,-508,-131,-219
1680,-64,15536,-465,-153,-194
1756,-76,15624,-488,-162,-215
1720,-100,15728,-482,-110,-179
1692,-104,15636,-480,-137,-202
1724,-112,15572,-478,-134,-205
1748,-20,15620,-476,-146,-214
1792,-64,15732,-492,-132,-189
1700,-32,15732,-476,-123,-205
1828,-100,15584,-484,-157,-203
1700,-36,15692,-485,-146,-206
1744,-32,15572,-476,-135,-196
1748,-48,15488,-480,-131,-193
1812,-8,15568,-478,-143,-193
1792,-104,15720,-477,-161,-195
1720,12,15568,-483,-134,-191
1784,-72,15628,-480,-140,-201
1692,-28,15688,-487,-143,-200
1728,-148,15660,-504,-150,-205
1904,4,15644,-450,-167,-202
1624,36,15620,-481,-130,-186
1688,92,15644,-494,-140,-208
1856,-112,15596,-477,-133,-182
1836,-64,15648,-492,-161,-207
1704,-36,15556,-461,-117,-211
1772,-16,15680,-470,-143,-246
1744,-144,15732,-490,-165,-215
1744,-84,15660,-482,-153,-209
1752,-32,15784,-480,-160,-217
1704,-44,15764,-496,-143,-177
1624,-144,15676,-460,-134,-188
1696,-56,15652,-477,-140,-188
1788,-24,15668,-478,-141,-190
1812,-128,15816,-491,-133,-203
1764,-112,15608,-482,-175,-233
1856,4,15640,-473,-134,-202
1856,-32,15684,-498,-143,-211
1736,-64,15500,-484,-137,-210
1592,-84,15644,-503,-136,-210
1752,-56,15612,-462,-135,-209
1768,-100,15696,-479,-114,-188
1764,0,15744,-482,-156,-211
1784,-80,15648,-438,-129,-204
1668,-160,15636,-474,-157,-200
1740,92,15584,-481,-158,-179
1756,-36,15696,-467,-122,-199
1792,-24,15532,-488,-113,-194
1792,-8,15636,-500,-131,-211
1816,-44,15724,-492,-138,-225
1808,-68,15652,-488,-137,-200
1792,-36,15656,-487,-142,-216
1728,-12,15724,-476,-113,-221
1860,-20,15632,-501,-142,-228
1804,-100,15512,-496,-162,-219
1756,-156,15740,-469,-131,-204
1808,-40,15616,-457,-126,-216
1784,60,15668,-506,-131,-231
1704,-40,15588,-488,-153,-194
1712,-104,15548,-470,-137,-197
1780,8,15580,-454,-139,-198
1708,-88,15776,-465,-123,-200
1724,-104,15788,-455,-100,-202
1756,-68,15744,-483,-118,-196
1708,-48,15660,-488,-137,-198
1580,-64,15652,-468,-134,-230
1784,-92,15688,-509,-125,-199
1752,-16,15588,-482,-116,-201
1764,40,15548,-470,-137,-211
1644,-92,15684,-478,-138,-225
1776,-108,15600,-466,-155,-212
1732,-132,15528,-493,-110,-215
1744,36,15608,-485,-122,-195
1780,-56,15724,-474,-163,-221
1808,-72,15560,-463,-138,-196
1720,-64,15692,-490,-131,-204
1792,-72,15548,-470,-129,-204
1820,32,15672,-478,-123,-215
1752,-48,15644,-494,-109,-196
1692,-56,15608,-505,-145,-219
1760,16,15680,-465,-157,-210
1796,-104,15872,-468,-134,-216
1788,-192,15688,-450,-138,-185
1672,-76,15732,-462,-128,-212
1740,0,15576,-474,-114,-210
1724,-112,15692,-463,-115,-186
1768,-104,15652,-466,-118,-205
1824,-112,15592,-477,-162,-204
1776,8,15624,-494,-135,-206
1816,-124,15576,-492,-152,-215
1776,-68,15768,-476,-157,-207
1824,0,15636,-487,-138,-191
1696,-68,15500,-470,-132,-203
1808,-112,15724,-454,-136,-208
1684,-152,15584,-469,-161,-207
1712,-104,15612,-488,-128,-207
1680,-16,15716,-479,-155,-184
1584,-100,15656,-489,-135,-195
1668,-80,15672,-491,-114,-198
1628,-84,15752,-466,-139,-208
1672,-8,15684,-506,-134,-191
1692,-64,15680,-504,-146,-194
1744,-112,15576,-476,-154,-186
1756,-40,15588,-481,-156,-217
1764,-96,15700,-518,-144,-192
1700,-24,15752,-472,-136,-191
1888,-8,15628,-466,-125,-223
1764,-96,15568,-486,-102,-206
1696,-56,15588,-483,-123,-212
1864,-52,15784,-484,-131,-233
1680,-80,15744,-494,-144,-209
1640,-144,15656,-450,-141,-185
1816,-72,15568,-510,-120,-210
1800,-88,15540,-487,-113,-192
1804,-32,15780,-468,-125,-204
1856,-72,15608,-483,-116,-220
1748,-44,15504,-487,-132,-188
1780,-92,15748,-485,-136,-215
1796,20,15616,-479,-132,-206
1752,-88,15780,-512,-164,-212
1728,24,15596,-494,-134,-215
1656,-64,15716,-497,-156,-208
1760,-32,15656,-505,-141,-214
1656,-48,15696,-489,-113,-204
1804,44,15652,-479,-76,-196
1720,56,15568,-501,-140,-203
1696,-148,15636,-501,-149,-212
1752,-36,15584,-476,-169,-208
1768,12,15600,-488,-137,-195
1784,-132,15552,-501,-138,-205
1788,-36,15644,-471,-136,-211
1732,-8,15860,-482,-143,-197
1776,-156,15684,-492,-133,-196
1824,-64,15772,-472,-112,-202
1740,4,15600,-503,-167,-202
1720,-116,15644,-482,-133,-201
1840,-44,15788,-473,-158,-217
1796,-80,15532,-508,-105,-193
1688,-8,15780,-499,-130,-177
1660,-44,15712,-480,-162,-191
1656,-72,15672,-459,-134,-198
1780,-180,15588,-495,-119,-192
1752,-100,15688,-480,-133,-193
1672,-68,15640,-471,-115,-206
1572,-28,15524,-504,-146,-210
1844,-36,15576,-507,-118,-204
1752,-132,15856,-474,-127,-221
1644,-76,15480,-464,-122,-204
