0.211,-0.050,0.988,1.012
0.212,-0.050,0.999,1.022
0.204,-0.046,0.982,1.004
0.214,-0.048,0.997,1.021
0.170,-0.026,1.008,1.022
0.243,-0.055,1.033,1.062
0.187,-0.059,0.977,0.997
0.208,-0.044,1.020,1.042
0.203,-0.053,1.012,1.034
0.216,-0.054,0.999,1.024
0.202,-0.050,0.969,0.991
0.206,-0.052,0.989,1.012
0.205,-0.046,1.004,1.026
0.203,-0.045,0.997,1.019
0.207,-0.046,0.988,1.010
0.211,-0.050,0.983,1.006
0.210,-0.052,0.996,1.019
0.208,-0.054,0.999,1.021
0.205,-0.051,0.987,1.010
0.212,-0.047,0.993,1.017
0.212,-0.049,0.980,1.004
0.202,-0.053,0.999,1.021
0.207,-0.050,0.996,1.019
0.211,-0.052,0.995,1.019
0.214,-0.049,0.986,1.010
0.203,-0.044,0.986,1.007
0.212,-0.052,0.991,1.015
0.214,-0.050,1.000,1.024
0.212,-0.047,0.995,1.019
0.208,-0.054,1.007,1.030
0.197,-0.049,1.013,1.033
0.197,-0.800,0.999,1.295
-0.062,-0.549,0.969,1.115
0.016,-0.845,1.098,1.386
-0.121,-0.356,0.984,1.054
-0.255,1.916,1.263,2.309
0.095,0.779,1.119,1.367
0.434,-1.352,0.910,1.686
0.228,-1.318,0.858,1.589
-0.236,1.972,0.941,2.197
0.089,0.296,1.178,1.218
0.384,1.972,0.742,2.141
0.003,-0.145,0.909,0.921
-0.020,1.281,1.705,2.133
0.116,1.066,0.579,1.219
0.775,1.972,0.228,2.131
0.035,-1.411,0.780,1.613
-0.004,1.686,0.982,1.951
0.041,1.972,1.250,2.335
0.126,-0.765,0.533,0.940
0.351,1.972,0.886,2.190
-0.012,-0.212,0.732,0.762
0.086,1.972,1.213,2.317
-0.025,1.448,1.152,1.851
0.309,1.972,0.794,2.148
0.099,-1.146,1.089,1.584
0.162,1.090,0.730,1.322
0.027,1.764,1.255,2.165
0.298,-1.595,0.668,1.755
0.124,-1.524,1.139,1.907
0.032,0.995,1.024,1.428
-0.057,1.972,1.420,2.430
0.244,-0.285,0.481,0.610
0.133,1.972,1.272,2.350
0.124,-0.785,0.744,1.088
0.102,1.871,1.096,2.171
0.061,1.972,1.462,2.455
0.110,-1.822,0.645,1.936
0.130,-1.877,0.922,2.095
0.049,1.158,0.813,1.416
-0.013,1.972,1.255,2.337
0.042,-0.274,0.591,0.653
0.254,1.972,1.063,2.254
-0.012,-0.270,0.808,0.852
0.177,1.972,1.342,2.392
0.188,1.598,0.875,1.831
0.332,1.972,0.727,2.127
0.020,-1.663,0.890,1.886
0.019,1.278,0.756,1.485
-0.069,1.972,1.670,2.585
0.136,-0.430,0.506,0.678
0.237,1.994,0.902,2.201
0.027,-0.338,0.760,0.832
0.124,1.840,1.412,2.323
0.164,1.338,1.166,1.782
0.364,-1.607,0.359,1.687
0.041,-1.617,1.491,2.200
0.112,0.711,0.674,0.986
0.101,1.972,1.367,2.401
-0.016,1.020,0.634,1.201
0.301,1.972,0.705,2.115
0.207,-1.857,0.742,2.011
0.093,1.248,1.054,1.636
0.117,1.972,1.321,2.376
0.028,-0.942,0.425,1.033
0.096,1.972,0.956,2.193
0.040,0.639,0.550,0.845
-0.231,1.972,-1.958,2.789
0.200,-0.433,0.830,0.957
0.402,-1.950,0.522,2.058
0.026,-0.639,0.796,1.021
-0.247,1.805,1.444,2.325
-0.061,1.413,1.166,1.832
0.118,-0.748,0.880,1.161
0.252,1.972,0.869,2.169
-0.057,0.234,0.673,0.715
-0.351,1.972,1.717,2.638
0.000,0.509,0.518,0.726
-0.027,-1.746,1.110,2.069
0.243,1.972,0.880,2.173
-0.119,1.250,0.973,1.588
-0.162,1.972,1.536,2.505
0.014,-0.180,0.594,0.621
-0.052,1.972,1.555,2.511
0.127,-0.631,0.648,0.913
-0.083,1.945,1.033,2.204
0.013,1.414,0.749,1.600
0.013,-0.978,0.958,1.369
0.100,1.972,1.315,2.372
0.003,-0.193,0.625,0.654
-0.212,1.936,1.343,2.366
-0.091,1.524,0.849,1.747
-0.072,-0.986,0.984,1.395
0.065,1.972,1.512,2.485
0.127,-0.523,0.521,0.749
-0.184,1.972,1.161,2.295
-0.135,1.825,1.137,2.154
-0.070,-0.572,0.770,0.962
0.048,1.972,1.481,2.466
0.180,-0.960,0.721,1.214
-0.008,1.489,0.891,1.735
-0.044,1.972,0.862,2.152
-0.132,-0.203,0.827,0.861
0.071,-1.876,1.531,2.423
0.120,-1.040,1.213,1.602
-0.023,0.480,0.927,1.044
0.029,1.871,0.642,1.979
-0.079,1.385,0.676,1.544
-0.050,-0.912,1.356,1.635
0.107,1.972,1.569,2.522
0.230,-0.439,0.525,0.722
-0.007,1.810,0.862,2.004
0.008,1.593,0.699,1.740
-0.076,-0.743,1.195,1.409
0.053,1.972,1.454,2.450
0.070,-0.378,0.697,0.796
-0.048,1.870,0.930,2.089
-0.022,1.711,0.637,1.826
-0.091,-1.282,1.450,1.938
0.181,1.972,1.135,2.282
0.005,0.777,0.323,0.841
-0.164,1.972,1.209,2.318
-0.070,0.866,0.548,1.027
-0.224,-1.351,1.548,2.067
0.207,1.972,1.182,2.308
0.082,0.158,0.356,0.398
-0.143,1.972,1.090,2.257
-0.170,1.417,0.679,1.580
-0.186,-1.600,1.425,2.150
0.058,1.972,1.443,2.444
-0.026,0.400,0.203,0.450
-0.178,1.972,1.214,2.322
-0.175,1.340,0.821,1.581
-0.139,-1.334,1.206,1.803
0.035,-1.982,1.534,2.506
0.138,0.036,0.388,0.414
-0.050,1.972,1.008,2.215
0.070,0.922,0.599,1.102
-0.067,1.972,1.588,2.533
-0.081,-1.022,1.148,1.539
0.020,1.723,0.577,1.817
-0.001,1.972,0.628,2.069
-0.198,-0.251,1.043,1.090
-0.138,1.972,1.592,2.538
0.193,-1.547,0.876,1.788
-0.068,1.711,0.853,1.913
-0.007,1.972,0.892,2.164
-0.047,-0.290,0.786,0.839
-0.011,1.972,1.807,2.674
0.215,-0.489,0.401,0.668
-0.142,1.969,1.398,2.419
0.003,1.607,0.720,1.761
-0.069,-0.954,0.992,1.378
0.086,1.972,1.531,2.498
0.201,-0.779,0.405,0.901
-0.133,1.614,1.065,1.938
-0.128,1.972,1.177,2.300
-0.126,-0.151,0.746,0.772
0.109,1.972,1.322,2.376
0.229,-1.218,0.709,1.428
-0.098,1.276,0.961,1.600
-0.114,1.972,1.551,2.511
-0.067,0.091,0.603,0.614
0.359,1.972,0.903,2.198
0.047,-1.134,0.711,1.339
-0.142,1.450,0.912,1.719
-0.147,1.972,1.328,2.382
-0.152,0.077,0.791,0.810
0.031,-1.883,1.450,2.377
0.257,-1.677,0.912,1.926
-0.073,1.083,0.713,1.299
-0.016,1.972,1.226,2.322
-0.089,0.358,0.669,0.764
0.013,1.972,1.578,2.525
0.147,-1.326,0.843,1.578
-0.087,1.500,0.895,1.749
0.004,1.972,1.026,2.223
-0.204,0.075,0.804,0.833
0.004,1.972,1.448,2.446
0.197,-1.573,0.827,1.788
-0.130,1.164,0.750,1.391
-0.100,1.972,1.273,2.349
-0.188,0.918,0.672,1.153
-0.094,-1.792,1.388,2.268
0.167,1.972,1.358,2.400
0.106,0.323,0.338,0.479
-0.021,1.972,1.290,2.356
0.009,0.552,0.825,0.992
0.131,1.972,1.411,2.428
0.085,-0.880,0.716,1.137
-0.201,1.149,1.222,1.690
-0.070,1.972,1.110,2.264
-0.151,0.454,0.568,0.743
-0.036,-1.981,1.842,2.706
0.274,-1.476,0.743,1.675
0.011,1.566,0.739,1.732
0.046,1.809,0.916,2.028
-0.115,-0.119,0.612,0.634
-0.093,1.972,1.568,2.521
0.058,-1.157,0.761,1.386
-0.087,1.268,1.097,1.679
-0.020,1.972,1.220,2.318
-0.102,-0.114,0.574,0.594
0.053,1.972,1.714,2.613
0.138,-0.429,0.504,0.676
-0.123,1.972,1.532,2.500
0.084,1.271,0.726,1.466
-0.101,-1.282,0.943,1.595
0.031,1.972,1.343,2.386
0.157,-0.174,0.558,0.605
0.028,1.972,0.971,2.198
-0.026,1.791,0.800,1.961
-0.404,-0.373,1.223,1.341
0.149,1.972,1.425,2.438
0.387,-1.376,0.452,1.499
0.001,1.652,0.685,1.789
0.029,1.972,0.993,2.208
-0.155,-0.268,0.920,0.971
0.041,1.972,1.471,2.460
0.205,-1.403,0.633,1.553
-0.169,1.526,0.918,1.788
-0.002,1.972,1.015,2.218
-0.238,0.491,0.704,0.891
-0.130,1.972,1.450,2.451
0.166,-1.785,1.140,2.125
0.088,1.118,0.726,1.336
0.182,1.972,0.942,2.193
-0.081,0.109,0.596,0.612
-0.078,-1.328,1.316,1.871
0.131,-1.655,1.234,2.069
0.074,-0.834,0.874,1.210
-0.058,1.145,0.992,1.516
-0.001,1.972,0.863,2.152
-0.193,1.145,0.596,1.305
-0.159,-0.859,1.548,1.777
0.287,1.972,1.284,2.370
0.132,-0.487,0.300,0.587
-0.207,1.972,1.329,2.387
-0.117,1.765,0.859,1.966
-0.026,-1.368,0.983,1.685
0.138,1.972,1.065,2.245
0.057,-0.379,0.674,0.776
-0.244,1.972,1.352,2.403
-0.047,1.500,0.783,1.692
0.143,-1.754,0.734,1.906
0.047,-1.962,1.490,2.464
0.107,0.000,0.614,0.623
-0.062,1.972,1.079,2.249
-0.018,1.577,0.737,1.741
-0.247,-0.724,1.099,1.339
0.131,1.972,1.243,2.334
0.114,-1.252,0.742,1.460
-0.164,1.546,0.995,1.846
0.074,1.972,1.086,2.252
0.055,0.256,0.407,0.484
0.099,1.972,1.736,2.629
0.085,-0.425,0.485,0.650
-0.061,1.972,0.982,2.204
0.054,1.669,0.683,1.804
-0.038,-0.703,0.803,1.068
0.039,1.972,1.653,2.574
0.369,-0.755,0.311,0.896
-0.015,1.972,1.080,2.248
-0.091,1.680,0.906,1.911
-0.112,-1.936,1.328,2.350
0.035,1.972,1.643,2.567
0.063,0.870,0.693,1.114
0.151,1.972,0.614,2.070
-0.071,1.473,0.576,1.584
-0.307,-1.149,1.379,1.821
0.198,1.972,1.236,2.336
0.244,-1.478,0.467,1.569
-0.195,1.420,0.763,1.624
-0.091,1.972,1.380,2.408
-0.201,0.796,0.724,1.095
0.277,1.972,1.052,2.252
0.097,-1.185,1.085,1.609
-0.065,1.459,1.146,1.856
0.046,1.675,1.108,2.008
0.089,0.302,0.562,0.644
0.546,-1.644,0.236,1.748
0.258,-1.855,0.958,2.103
-0.186,0.271,0.854,0.915
-0.179,1.972,1.488,2.477
0.056,1.292,0.792,1.517
0.175,-0.926,0.735,1.195
0.012,1.972,1.618,2.550
0.115,-0.664,0.747,1.006
-0.118,1.918,1.041,2.186
0.030,1.972,0.619,2.067
-0.200,-0.019,0.860,0.883
-0.053,1.972,1.851,2.705
0.241,-1.609,0.857,1.839
-0.168,0.878,1.181,1.481
0.008,1.972,0.842,2.144
-0.127,1.197,0.444,1.283
-0.043,-1.444,1.053,1.788
-0.019,1.972,1.789,2.662
0.086,-0.550,0.459,0.722
-0.054,1.368,0.812,1.592
-0.012,1.972,0.735,2.104
-0.293,0.608,0.869,1.100
-0.248,-1.953,1.559,2.511
0.163,1.972,1.126,2.277
0.015,0.209,0.517,0.558
-0.102,1.972,0.911,2.174
-0.142,1.450,0.839,1.681
-0.201,-1.566,1.304,2.048
0.092,1.981,1.316,2.380
0.047,0.218,0.621,0.660
-0.126,1.972,0.873,2.160
-0.149,1.443,0.666,1.597
-0.229,-1.128,1.265,1.710
0.179,1.972,1.141,2.285
0.096,-0.860,0.598,1.052
-0.125,1.718,0.897,1.942
-0.057,1.972,1.080,2.249
-0.282,0.189,0.990,1.047
0.167,1.972,1.311,2.374
0.075,-1.166,0.788,1.410
-0.181,1.698,1.099,2.030
-0.049,1.972,0.955,2.191
-0.178,0.296,0.540,0.641
-0.153,-1.912,1.730,2.583
0.210,1.982,0.977,2.220
0.029,0.025,0.592,0.593
-0.098,1.972,0.915,2.176
-0.200,1.802,0.854,2.005
-0.214,-1.266,1.257,1.797
0.085,1.972,1.431,2.437
0.204,0.050,0.195,0.287
-0.043,1.972,0.841,2.144
-0.196,1.501,0.688,1.663
-0.366,-1.352,1.346,1.943
-0.003,1.972,1.697,2.601
0.188,-0.843,0.397,0.950
-0.133,1.746,1.050,2.042
0.029,1.972,0.833,2.141
-0.278,0.246,0.658,0.756
-0.290,1.972,1.993,2.818
0.207,-1.971,0.920,2.185
-0.138,1.570,0.665,1.711
-0.005,1.972,0.933,2.181
-0.239,0.406,0.777,0.909
-0.084,1.972,1.589,2.534
0.171,-1.858,0.972,2.104
-0.159,1.388,0.850,1.636
0.127,1.972,0.671,2.086
-0.164,0.547,0.703,0.906
-0.132,1.972,1.385,2.413
0.077,-1.496,1.149,1.888
0.037,1.240,0.728,1.439
-0.019,1.972,1.011,2.216
-0.159,-0.048,0.932,0.946
-0.011,1.972,1.451,2.448
0.156,-1.424,0.742,1.613
-0.189,0.748,1.146,1.382
-0.156,1.972,0.998,2.215
-0.281,1.307,0.883,1.602
-0.095,-1.875,1.223,2.240
0.125,1.972,1.400,2.421
0.036,0.107,0.430,0.445
-0.114,1.972,0.945,2.190
-0.101,1.447,0.641,1.586
-0.149,1.972,1.536,2.504
-0.046,-1.823,1.149,2.155
-0.087,0.469,0.582,0.752
-0.171,1.972,1.016,2.225
-0.245,1.243,0.880,1.542
-0.210,-1.584,1.161,1.976
0.112,1.972,1.630,2.560
0.126,-0.273,0.251,0.391
-0.070,1.972,0.806,2.131
-0.153,1.972,0.768,2.121
-0.406,-0.860,0.976,1.363
-0.061,1.972,1.771,2.651
0.140,-0.082,0.400,0.432
-0.126,1.972,1.116,2.269
0.004,0.974,0.459,1.077
-0.104,1.994,-1.958,2.797
0.194,-1.276,0.921,1.585
0.073,0.705,0.704,0.999
0.055,1.972,0.648,2.076
-0.341,1.093,1.028,1.538
-0.166,-1.083,1.413,1.789
0.204,1.972,1.329,2.387
0.151,-0.636,0.296,0.717
-0.192,1.748,0.991,2.018
-0.265,1.972,1.247,2.348
-0.375,-0.115,0.882,0.966
0.263,1.972,1.021,2.236
0.099,-0.502,0.696,0.864
-0.244,1.865,1.358,2.319
-0.157,1.553,0.934,1.819
0.043,-1.104,0.801,1.365
0.168,1.972,1.184,2.306
0.011,-0.689,0.852,1.096
-0.235,1.972,1.237,2.339
-0.059,1.915,0.937,2.133
-0.146,-0.333,0.475,0.598
0.090,1.972,1.402,2.421
0.136,-0.871,0.431,0.982
-0.280,1.972,1.285,2.370
-0.095,1.911,0.917,2.122
-0.288,-0.490,0.841,1.015
0.032,1.972,1.494,2.474
0.246,-1.479,0.590,1.612
-0.246,1.504,1.045,1.848
-0.055,1.972,1.135,2.275
-0.220,0.638,0.519,0.851
-0.093,-1.974,1.439,2.444
0.235,1.972,0.820,2.148
-0.150,0.366,0.783,0.877
-0.169,1.972,1.115,2.271
-0.240,1.622,0.932,1.886
-0.217,-1.008,0.995,1.433
0.194,1.972,1.068,2.251
0.096,-1.022,0.538,1.159
-0.225,1.659,1.119,2.014
-0.104,1.972,1.200,2.310
-0.145,0.039,0.434,0.459
-0.075,1.972,1.589,2.533
0.125,-1.139,0.658,1.322
-0.113,1.218,1.272,1.764
0.066,1.972,0.655,2.079
-0.254,0.509,0.566,0.802
-0.309,1.972,-1.984,2.814
0.148,-1.847,1.066,2.138
0.101,-0.383,0.646,0.757
0.060,1.315,0.530,1.420
-0.131,1.972,0.743,2.111
-0.388,0.592,1.179,1.375
-0.015,1.972,1.468,2.458
0.159,1.972,1.210,2.319
-0.009,0.527,0.463,0.702
-0.107,1.972,1.088,2.254
-0.238,1.410,0.785,1.632
-0.150,-1.795,1.298,2.220
0.241,1.972,0.971,2.211
-0.064,0.167,0.492,0.523
-0.185,1.972,1.385,2.417
-0.113,1.290,0.628,1.439
-0.035,-1.234,1.042,1.615
0.127,1.972,1.260,2.343
0.027,-0.335,0.588,0.677
-0.106,1.972,0.927,2.181
-0.033,1.797,0.594,1.893
-0.694,-0.443,1.150,1.414
0.094,1.972,1.703,2.607
0.193,-1.000,0.532,1.149
0.071,0.990,0.720,1.226
0.023,1.972,0.918,2.175
-0.400,0.864,1.284,1.598
-0.268,-0.481,0.928,1.079
0.231,-1.872,1.401,2.349
0.081,-1.325,1.096,1.721
-0.111,0.277,1.091,1.131
-0.031,1.968,0.638,2.069
-0.082,1.798,0.663,1.918
-0.216,-0.218,1.222,1.259
0.203,1.972,1.371,2.410
0.250,-1.453,0.902,1.729
-0.164,0.847,1.063,1.369
-0.051,1.972,0.968,2.197
-0.080,1.398,0.495,1.485
-0.063,-1.196,1.156,1.664
0.275,1.972,1.059,2.255
0.064,-0.269,0.693,0.746
-0.152,1.972,1.235,2.331
-0.080,1.677,0.721,1.827
-0.099,-0.570,1.015,1.168
0.283,1.972,1.167,2.309
0.179,-1.047,0.874,1.376
-0.069,1.262,1.281,1.800
