0.033,-0.001,1.018
0.035,0.002,1.028
0.030,0.005,1.029
0.031,-0.003,1.018
0.029,0.000,1.023
0.029,0.001,1.027
0.029,-0.005,1.014
0.022,-0.001,1.027
0.030,0.001,1.015
0.029,-0.005,1.025
0.031,-0.005,1.023
0.032,0.002,1.013
0.029,0.004,1.023
0.028,0.002,1.026
0.026,-0.004,1.023
0.026,-0.008,1.019
0.027,-0.002,1.023
0.028,-0.004,1.026
0.028,-0.006,1.021
0.035,-0.004,1.029
0.031,-0.002,1.026
0.031,-0.003,1.030
0.026,-0.005,1.022
0.028,0.003,1.018
0.031,-0.003,1.014
0.028,-0.002,1.022
0.030,-0.004,1.025
0.030,0.004,1.029
0.036,0.002,1.019
0.028,-0.001,1.028
0.027,-0.000,1.024
0.030,-0.003,1.018
0.029,0.001,1.023
0.029,-0.002,1.027
0.031,-0.004,1.024
0.029,0.003,1.028
0.032,-0.000,1.026
0.032,0.001,1.024
0.034,-0.003,1.025
0.032,-0.001,1.020
0.027,0.000,1.017
0.028,-0.000,1.026
0.030,-0.000,1.025
0.029,0.001,1.033
0.025,0.000,1.029
0.028,-0.001,1.030
0.025,-0.003,1.022
0.031,-0.002,1.030
0.030,0.001,1.025
0.024,0.000,1.018
0.029,0.005,1.025
0.020,-0.003,1.022
0.028,-0.002,1.027
0.024,-0.003,1.029
0.025,-0.002,1.025
0.027,-0.004,1.020
0.027,-0.003,1.019
0.033,-0.001,1.022
0.029,0.006,1.025
0.036,-0.001,1.026
0.025,-0.001,1.024
0.026,0.005,1.021
0.031,0.001,1.019
0.019,0.005,1.019
0.034,0.002,1.013
0.031,-0.004,1.017
0.033,-0.004,1.013
0.029,-0.007,1.013
0.032,-0.004,1.017
0.040,-0.003,1.022
0.033,0.000,1.035
0.028,-0.005,1.020
0.024,0.005,1.022
0.028,0.004,1.017
0.017,0.001,1.018
0.024,-0.004,1.022
0.029,0.000,1.036
0.032,0.000,1.028
0.031,-0.005,1.025
0.032,-0.006,1.019
0.027,-0.001,1.014
0.028,-0.002,1.025
0.030,-0.005,1.024
0.027,0.002,1.024
0.029,-0.001,1.028
0.022,-0.004,1.034
0.022,-0.001,1.021
0.027,0.003,1.029
0.027,0.001,1.024
0.029,0.001,1.017
0.030,-0.002,1.026
0.031,-0.002,1.016
0.033,0.001,1.025
0.028,-0.001,1.017
0.029,-0.004,1.028
0.023,-0.001,1.024
0.027,0.001,1.023
0.032,-0.006,1.024
0.029,0.001,1.023
0.028,0.000,1.036
0.027,-0.002,1.020
0.027,-0.003,1.031
0.030,-0.001,1.018
0.021,-0.004,1.018
0.029,-0.010,1.026
0.035,-0.002,1.022
0.027,-0.003,1.027
0.032,-0.000,1.028
0.026,-0.002,1.020
0.034,0.007,1.021
0.024,0.006,1.028
0.030,-0.003,1.034
0.026,-0.001,1.027
0.033,-0.003,1.026
0.038,-0.001,1.033
0.034,-0.001,1.028
0.057,0.027,-0.367
0.054,0.046,0.080
-0.550,0.476,-1.935
0.002,-0.340,1.604
0.030,0.378,1.935
0.013,0.251,0.658
0.047,0.136,0.153
-0.176,0.103,1.988
-0.148,-0.081,1.492
0.006,-0.083,0.276
0.094,-0.182,0.814
0.074,-0.088,1.168
0.056,-0.153,1.101
0.011,-0.043,1.344
0.059,-0.013,1.217
0.125,0.025,1.041
0.164,0.026,0.760
-0.044,0.026,0.927
-0.094,0.060,1.014
-0.029,0.020,1.129
-0.027,0.016,1.135
-0.013,0.022,1.166
0.061,-0.016,1.010
0.082,0.002,0.935
0.067,-0.050,0.958
0.040,-0.052,1.086
0.058,-0.014,1.054
0.060,-0.011,0.889
0.009,0.032,0.991
-0.003,0.013,1.003
-0.008,0.015,1.075
0.017,0.003,1.097
0.014,-0.002,1.087
0.017,0.012,1.044
0.015,0.020,1.004
0.030,-0.005,0.967
0.039,-0.011,0.942
0.043,-0.020,1.016
0.056,-0.021,1.020
0.070,-0.023,1.027
0.040,0.004,1.048
0.035,0.007,1.104
0.016,0.013,1.004
-0.003,0.008,0.964
-0.013,0.012,0.967
0.002,0.001,1.081
0.019,0.007,1.085
0.043,-0.006,1.066
0.047,0.005,1.014
0.050,-0.010,1.018
0.042,-0.008,0.969
0.044,-0.020,0.978
0.036,-0.001,1.009
0.051,-0.010,1.034
0.039,0.007,1.033
0.049,0.026,-0.365
0.057,0.018,0.111
-0.704,0.414,-1.935
-0.053,-0.249,1.331
-0.024,0.364,-1.935
0.010,0.270,0.842
0.054,0.111,0.097
-0.110,0.101,1.662
-0.112,-0.040,1.303
0.022,-0.025,0.398
0.091,-0.144,0.693
0.043,-0.070,1.282
0.068,-0.145,1.110
0.024,-0.014,1.191
0.080,0.025,1.219
0.172,-0.016,0.808
0.142,0.041,0.790
-0.048,0.028,1.057
-0.079,0.026,0.916
-0.030,0.041,1.002
-0.006,0.007,1.098
-0.007,0.026,1.108
0.046,0.021,1.112
0.085,-0.013,0.883
0.067,-0.038,0.935
0.017,-0.046,1.056
0.028,-0.016,1.063
0.047,-0.018,0.860
0.005,0.030,0.986
0.007,-0.005,1.021
0.012,0.007,1.049
0.014,0.008,1.076
0.017,0.006,1.087
0.022,0.013,1.060
0.019,0.003,0.987
0.028,-0.002,0.982
0.037,-0.010,0.954
0.043,-0.017,1.003
0.056,-0.025,1.027
0.059,-0.016,1.026
0.048,-0.003,1.032
0.036,0.012,1.107
-0.011,-0.006,1.016
-0.053,0.020,1.001
0.049,-0.008,0.894
0.036,0.015,1.031
-0.026,-0.007,1.146
0.034,0.007,1.073
0.080,0.003,0.972
0.037,-0.016,1.016
0.012,-0.016,0.997
0.041,-0.012,0.978
0.052,-0.009,0.989
0.034,-0.015,1.041
0.035,0.005,1.039
0.031,0.005,1.027
0.015,0.016,1.051
0.012,0.005,1.035
0.003,0.005,1.009
0.006,-0.001,1.000
0.032,0.024,1.061
0.043,0.001,1.042
0.040,-0.012,1.054
0.006,-0.012,1.004
-0.006,-0.055,1.257
0.293,0.122,0.651
0.277,0.203,1.024
0.268,0.293,1.161
0.251,0.169,0.953
0.068,-0.062,1.007
-0.024,-0.150,1.029
-0.021,-0.172,1.008
-0.035,-0.159,1.026
-0.024,-0.137,1.010
-0.026,-0.106,0.996
-0.077,-0.114,1.022
-0.113,-0.105,1.041
-0.124,-0.048,1.115
-0.105,-0.016,1.031
-0.037,0.045,1.041
0.055,0.096,1.014
0.062,0.027,1.008
0.034,-0.021,0.978
0.007,-0.060,1.024
0.054,-0.055,0.973
0.096,-0.016,0.961
0.137,0.072,1.000
0.129,0.145,1.003
0.036,0.121,1.041
-0.084,0.106,1.199
-0.081,-0.022,1.049
-0.023,-0.064,1.077
0.008,-0.130,1.010
0.057,-0.104,0.899
0.082,-0.041,0.900
0.043,-0.057,0.998
-0.027,-0.014,1.054
-0.077,0.043,1.111
-0.022,0.125,1.141
0.138,0.334,1.229
0.450,0.594,0.800
0.388,0.727,0.904
0.285,0.578,0.991
0.168,0.437,1.024
0.037,0.277,0.990
-0.711,-0.213,1.078
-0.516,-0.063,0.985
-0.450,0.017,1.065
-0.333,0.059,1.047
-0.227,0.041,0.951
-0.164,0.069,0.909
-0.208,-0.020,0.952
-0.219,-0.231,1.054
-0.253,-0.436,1.215
-0.155,-0.484,1.134
0.037,-0.359,0.996
0.171,-0.232,0.973
0.292,-0.139,1.031
0.312,-0.102,1.053
0.337,-0.087,1.012
0.224,-0.143,1.024
0.064,-0.148,1.104
-0.001,-0.153,1.110
0.031,-0.194,1.031
0.162,-0.120,1.444
0.260,-0.228,0.321
0.096,-0.104,0.793
-0.114,0.051,1.523
0.084,0.138,0.800
0.030,-0.001,1.057
-0.007,-0.110,1.072
0.083,0.003,0.995
0.124,0.023,1.079
0.118,-0.035,1.048
0.085,-0.030,1.081
0.060,0.032,1.108
-0.040,0.082,1.201
-0.161,0.093,1.434
-0.076,0.004,1.447
-0.016,-0.058,1.567
0.019,-0.114,1.446
-0.009,-0.140,1.340
0.003,-0.183,1.174
0.026,-0.279,1.129
0.081,-0.328,1.146
0.169,-0.222,1.124
0.202,-0.218,1.151
0.215,-0.199,1.156
0.238,-0.129,1.071
0.283,-0.064,0.896
0.239,-0.068,0.827
0.151,-0.021,0.860
0.119,-0.011,0.843
0.076,0.021,0.857
0.070,0.049,0.870
0.138,0.041,0.863
0.170,0.065,0.864
0.150,0.080,0.892
0.136,0.099,0.925
0.131,0.111,0.892
0.115,0.104,0.856
0.108,0.073,0.824
0.068,0.068,0.809
-0.011,0.044,0.786
-0.041,0.053,0.669
-0.050,0.109,0.644
-0.037,0.120,0.474
-0.055,0.066,0.309
-0.156,-0.068,0.279
-0.165,-0.075,0.165
-0.085,-0.055,0.005
-0.059,-0.048,-0.059
-0.008,-0.035,-0.132
0.037,-0.020,-0.182
0.089,-0.004,-0.221
0.121,-0.011,-0.226
1.319,-1.186,-1.757
1.965,-0.804,-1.935
1.965,-1.995,-1.935
1.965,-0.098,-1.935
0.179,0.068,-0.954
-0.221,-0.149,0.294
-0.541,-0.176,0.926
-0.265,-0.260,0.541
-0.039,-0.719,1.365
1.965,1.541,-1.935
0.081,-0.094,-0.061
0.452,0.476,0.933
0.311,-0.002,1.275
-0.071,-0.052,1.196
0.066,0.073,0.981
0.075,0.032,1.003
-0.029,0.021,1.110
0.102,0.012,0.953
0.084,0.008,0.967
0.002,-0.004,1.093
0.007,0.001,1.141
0.060,0.001,1.017
0.077,-0.001,0.945
0.048,-0.006,0.995
0.049,0.004,1.049
0.041,0.003,1.010
0.040,-0.007,1.035
0.054,0.007,1.047
0.049,0.009,1.019
0.036,0.003,1.025
0.032,0.003,1.021
0.048,0.006,1.011
0.048,0.003,1.022
0.051,0.000,1.011
0.051,-0.007,1.024
0.055,-0.004,1.043
0.053,0.005,1.029
0.047,-0.003,1.023
0.042,0.002,1.008
0.037,0.002,1.010
0.041,0.007,1.029
0.047,-0.003,1.031
0.040,-0.000,1.020
0.052,0.005,1.042
0.043,0.001,1.028
0.046,-0.000,1.009
0.049,-0.000,1.018
0.056,0.007,1.017
0.047,-0.003,1.017
0.053,-0.000,1.028
0.045,0.003,1.027
0.048,0.002,1.029
0.066,0.005,0.984
0.057,0.007,1.006
0.079,0.033,1.110
-0.044,-0.085,1.013
0.103,0.057,0.989
0.078,0.033,1.091
0.026,0.019,0.978
-0.012,-0.033,1.038
0.009,-0.018,1.055
0.043,0.021,1.077
0.034,0.030,1.112
0.045,0.063,1.079
0.106,0.043,1.047
0.145,-0.027,1.018
0.144,-0.138,0.975
0.083,-0.121,0.970
-0.066,-0.040,1.027
-0.072,-0.049,1.083
0.002,-0.068,1.118
0.134,-0.069,1.106
0.180,-0.105,1.113
0.143,-0.077,1.161
0.090,-0.019,1.225
0.041,-0.021,1.271
0.030,-0.050,1.267
0.009,-0.066,1.214
-0.023,-0.054,1.190
-0.036,-0.054,1.179
0.033,-0.025,1.120
0.049,0.025,1.092
0.015,0.025,1.095
-0.030,0.016,1.083
-0.052,0.034,1.091
-0.055,0.060,1.075
-0.047,0.045,1.059
-0.024,0.044,1.034
-0.005,0.048,0.971
-0.001,0.041,0.955
-0.006,0.035,0.933
-0.000,0.042,0.902
0.020,0.030,0.867
0.046,0.038,0.866
0.022,0.049,0.886
0.008,0.052,0.872
0.020,0.050,0.883
0.006,0.054,0.878
-0.009,0.070,0.884
-0.020,0.059,0.899
-0.029,0.057,0.926
-0.058,0.071,0.952
-0.088,0.050,0.980
-0.100,0.069,0.975
-0.070,0.023,0.981
-0.040,-0.002,0.956
0.004,0.033,0.925
0.028,0.034,0.930
0.046,0.054,0.932
0.060,0.076,0.930
0.036,0.094,0.955
-0.014,0.092,0.995
-0.030,0.102,1.023
-0.054,0.115,1.056
-0.046,0.116,1.049
-0.049,0.104,1.041
-0.030,0.110,1.000
-0.019,0.123,0.943
-0.010,0.131,0.929
-0.002,0.164,0.919
0.038,0.163,0.895
0.085,0.148,0.848
0.112,0.126,0.824
0.141,0.104,0.801
0.175,0.100,0.664
0.276,0.113,0.433
0.362,0.076,0.032
-0.075,0.047,0.138
-0.026,-0.017,-0.086
0.006,-0.005,-0.130
0.045,0.012,-0.170
0.051,-0.033,-0.095
1.965,-1.995,-1.935
-0.673,-1.038,0.587
1.965,-1.995,-1.935
0.324,0.398,-0.684
0.632,0.062,-1.451
-0.155,-0.136,0.207
0.168,-0.401,-0.373
-0.228,-0.200,0.397
0.334,-0.162,-0.487
-0.089,0.918,1.898
-0.062,-0.118,0.075
-0.336,-0.076,0.939
-0.099,-0.088,0.333
-0.915,-0.099,-1.935
0.685,0.375,0.512
0.455,-0.154,0.169
0.341,0.205,0.559
0.144,-0.012,1.824
-0.193,0.106,1.219
-0.098,-0.073,1.233
-0.031,0.052,1.140
0.168,-0.033,0.878
0.184,0.022,0.756
0.030,0.000,1.052
-0.025,-0.002,1.095
0.019,-0.008,1.017
0.048,-0.005,1.032
0.030,0.006,1.064
0.034,0.002,1.030
0.038,0.010,1.002
0.028,-0.005,1.005
0.016,-0.005,1.024
0.030,-0.000,1.015
0.042,0.005,1.024
0.037,-0.005,1.036
0.039,-0.004,1.031
0.039,-0.001,1.017
0.029,-0.002,1.012
0.036,0.002,1.011
0.033,-0.003,1.020
0.010,-0.005,1.058
0.005,-0.029,1.047
-0.089,-0.124,1.012
-0.105,-0.089,1.062
-0.111,-0.090,1.032
-0.135,-0.058,0.996
-0.148,-0.036,1.045
0.510,0.246,1.067
0.285,0.149,0.949
0.268,0.087,1.140
0.127,-0.001,1.136
0.127,0.096,1.112
0.105,0.063,1.245
-0.044,0.018,1.297
-0.260,0.081,1.345
-0.280,-0.017,1.273
-0.108,-0.150,1.069
0.065,-0.161,0.889
0.206,-0.188,0.763
0.175,-0.113,0.821
0.100,-0.020,0.970
0.056,0.006,1.121
0.011,0.014,1.224
0.016,-0.005,1.260
0.083,-0.035,1.234
0.173,-0.014,1.142
0.186,-0.003,1.146
0.143,0.010,1.137
0.095,0.067,1.136
0.042,0.056,1.200
0.018,0.038,1.218
0.028,0.058,1.191
0.094,0.058,1.150
0.123,0.031,1.070
0.110,0.029,0.998
0.098,0.067,0.946
0.054,0.061,0.953
-0.000,0.070,1.006
-0.029,0.075,1.008
-0.021,0.050,1.002
-0.000,0.047,0.953
0.024,0.057,0.932
0.034,0.047,0.928
0.044,0.045,0.888
0.063,0.047,0.874
0.031,0.037,0.899
0.002,0.021,0.926
0.017,0.029,0.920
0.012,0.043,0.927
-0.004,0.043,0.950
-0.023,0.076,0.949
-0.044,0.089,0.960
-0.076,0.080,0.977
-0.124,0.052,0.964
-0.111,0.075,0.943
-0.088,0.092,0.942
-0.050,0.095,0.925
0.017,0.089,0.901
0.076,0.103,0.877
0.167,0.113,0.843
0.293,0.143,0.820
0.372,0.182,0.785
0.431,0.189,0.637
0.364,0.132,0.511
0.163,0.102,0.465
-0.004,0.067,0.398
-0.107,0.030,0.154
-0.104,0.107,0.151
-0.167,0.150,0.432
-0.101,-0.047,0.154
-0.062,-0.018,0.066
-0.024,-0.010,0.018
-0.000,-0.016,-0.013
0.026,-0.041,-0.025
0.052,-0.053,0.010
1.965,1.909,-1.935
1.965,-1.995,-1.034
1.965,0.349,-1.935
0.136,0.252,-1.040
1.269,0.263,-1.784
-0.149,-0.073,0.256
-0.122,-0.129,0.209
-0.053,-0.239,0.011
0.095,-0.092,-0.240
-0.381,-0.184,0.326
0.484,0.516,-1.935
-0.750,-0.269,1.055
-0.713,-0.004,0.562
-0.245,-0.028,0.777
-0.662,-0.169,-1.935
1.023,-0.089,-0.020
0.459,0.224,-0.002
0.369,0.030,0.114
0.385,0.069,0.262
0.337,-0.246,-1.935
-0.267,-0.096,1.325
-0.216,0.007,1.015
-0.150,0.017,1.305
0.130,0.013,1.203
0.321,0.016,0.278
0.304,0.037,0.556
-0.030,-0.072,1.391
-0.115,0.025,1.285
-0.031,-0.011,1.174
0.085,0.003,1.011
0.174,0.011,0.827
0.128,-0.002,0.923
0.046,-0.003,1.087
0.035,-0.011,1.076
0.081,-0.007,1.022
0.099,-0.004,1.004
0.077,-0.002,1.024
0.066,0.001,1.021
0.068,0.004,1.027
0.073,0.003,1.015
0.071,0.002,1.010
0.074,-0.002,1.022
0.075,0.001,1.051
0.069,0.004,1.029
0.077,0.002,1.006
0.080,-0.012,0.992
0.077,-0.004,1.022
0.072,-0.002,1.018
0.076,-0.001,1.020
0.073,0.006,1.034
0.074,-0.005,1.014
0.078,0.003,1.020
0.071,-0.003,1.022
0.076,0.001,1.028
0.081,0.004,0.990
0.094,0.028,0.995
0.121,0.072,1.048
0.167,0.106,1.056
0.197,0.100,1.011
0.106,0.002,0.992
-0.161,-0.268,1.081
-0.069,-0.077,1.042
0.044,-0.004,1.041
0.054,0.011,0.995
0.004,0.008,1.033
0.007,0.027,1.032
-0.003,0.015,1.037
-0.008,-0.010,1.039
0.027,-0.013,1.027
0.074,-0.001,1.011
0.065,0.012,1.019
0.109,0.032,1.022
0.151,0.040,1.038
0.157,0.055,1.049
0.124,0.035,1.045
0.100,0.014,1.040
0.123,0.011,1.013
0.112,-0.008,1.012
0.104,0.028,1.034
0.091,0.039,1.074
0.060,0.017,1.120
0.052,0.011,1.173
0.059,-0.011,1.189
0.068,-0.015,1.192
0.099,-0.014,1.157
0.132,-0.034,1.185
0.152,-0.044,1.188
0.133,-0.059,1.172
0.131,-0.079,1.133
0.131,-0.148,1.152
0.115,-0.194,1.168
0.129,-0.224,1.177
0.127,-0.240,1.156
0.121,-0.263,1.166
0.133,-0.245,1.161
0.143,-0.238,1.169
0.133,-0.266,1.205
0.136,-0.254,1.199
0.148,-0.209,1.174
0.147,-0.189,1.154
0.127,-0.215,1.128
0.097,-0.192,1.070
0.125,-0.164,1.013
0.147,-0.158,0.963
0.122,-0.149,0.933
0.132,-0.118,0.882
0.135,-0.093,0.860
0.112,-0.098,0.851
0.086,-0.091,0.825
0.059,-0.068,0.831
0.042,-0.064,0.832
0.015,-0.072,0.839
0.020,-0.076,0.849
0.041,-0.071,0.856
0.038,-0.053,0.870
0.055,-0.049,0.890
0.076,-0.039,0.901
0.100,-0.032,0.888
0.092,-0.026,0.877
0.073,-0.023,0.866
0.053,-0.027,0.855
0.021,-0.022,0.851
0.017,-0.013,0.856
0.036,-0.000,0.844
0.042,0.019,0.839
0.037,0.027,0.850
0.057,-0.045,0.838
0.060,-0.084,0.817
0.026,-0.026,0.838
0.038,-0.018,0.843
0.051,-0.034,0.842
0.045,-0.025,0.857
0.051,-0.034,0.878
0.069,-0.000,0.880
0.085,0.018,0.907
0.089,0.003,0.878
0.083,0.019,0.803
0.060,0.014,0.752
0.023,0.012,0.746
0.015,0.026,0.717
0.035,0.022,0.678
0.043,-0.002,0.613
0.014,-0.043,0.523
-0.101,-0.095,0.491
-0.150,-0.116,0.435
-0.054,-0.057,0.358
-0.107,-0.112,0.196
-0.048,-0.085,0.096
-0.027,-0.061,0.041
0.008,-0.056,0.004
0.029,-0.050,-0.026
0.053,-0.079,0.001
1.883,1.005,-1.935
1.965,0.288,-1.935
0.387,-0.174,-0.637
0.104,0.084,-0.277
-0.166,-0.154,0.253
-0.021,-0.158,0.163
-0.040,-0.128,0.188
1.568,-1.615,-1.935
-1.026,0.004,-1.935
-0.331,-0.035,1.102
-0.317,0.040,1.102
-0.582,0.015,-1.935
0.510,0.127,0.074
0.396,0.221,0.245
0.351,0.038,0.463
-0.206,-0.109,1.720
-0.202,-0.021,1.370
-0.149,-0.016,1.304
-0.018,-0.013,1.186
0.257,-0.004,0.766
0.217,0.060,0.679
0.032,-0.013,1.128
-0.024,-0.015,1.101
0.021,-0.008,1.013
0.056,0.009,1.058
0.067,0.001,1.054
0.081,-0.001,0.985
0.052,0.003,1.012
0.040,0.003,1.029
0.046,0.008,1.015
0.055,0.010,1.004
0.049,0.010,1.021
0.053,-0.010,1.041
0.056,-0.008,1.025
0.057,-0.007,1.033
0.061,-0.000,1.017
0.053,0.003,1.023
0.054,0.003,1.014
0.049,-0.001,1.004
0.051,-0.001,1.026
0.049,0.005,1.050
0.050,0.010,1.046
0.051,-0.004,1.001
0.054,0.000,1.011
0.057,0.005,1.028
0.058,-0.000,1.025
0.047,-0.007,1.002
0.052,-0.006,1.022
0.051,-0.000,1.029
0.051,-0.003,1.026
0.044,-0.001,1.021
0.043,-0.005,1.028
0.047,0.001,1.017
0.046,0.001,1.012
0.051,0.006,1.027
0.042,-0.002,1.026
0.060,0.003,1.029
0.054,-0.001,1.019
0.046,-0.004,1.006
0.060,0.006,1.027
0.053,0.006,1.039
0.052,-0.002,1.019
0.049,-0.003,1.007
0.047,-0.003,1.026
0.055,0.001,1.044
0.054,0.001,1.026
0.047,0.005,1.023
0.053,0.005,1.023
0.053,0.002,1.013
0.051,0.000,1.017
0.054,0.002,1.026
0.052,-0.001,1.031
0.008,-0.062,0.747
-0.059,-0.079,0.011
1.385,0.523,-1.976
-0.259,-0.255,-1.935
-0.201,-0.095,1.619
-0.031,0.290,1.532
0.216,0.160,0.371
0.165,0.165,0.619
-0.026,-0.010,1.355
-0.115,-0.024,1.011
0.021,-0.073,0.609
0.071,0.008,1.017
-0.039,-0.127,1.104
0.015,-0.064,1.121
0.255,-0.010,1.001
0.117,-0.077,0.904
0.047,0.006,1.032
0.033,0.024,0.968
-0.005,0.022,0.884
0.018,0.049,1.034
0.055,0.026,1.124
0.027,0.025,1.069
0.036,0.030,1.052
0.053,0.024,1.091
0.039,-0.026,1.011
0.073,-0.037,0.966
0.090,-0.015,1.007
0.071,-0.019,0.968
0.086,0.000,0.972
0.058,0.002,1.029
0.032,-0.006,1.056
0.025,0.008,1.027
0.032,0.023,1.080
0.033,0.027,1.029
0.047,0.019,1.009
0.034,0.015,1.016
0.045,0.001,1.022
0.045,-0.007,0.977
0.070,-0.010,1.033
0.075,-0.018,1.041
0.089,-0.017,1.050
0.058,-0.016,0.987
0.060,0.000,1.029
0.034,0.009,0.999
0.029,0.014,1.021
0.023,0.011,1.015
0.051,0.006,1.069
0.042,0.012,1.057
0.062,0.009,1.047
0.053,0.001,1.020
0.058,-0.006,0.992
0.061,-0.010,0.973
0.071,-0.017,1.010
0.076,-0.014,1.012
0.074,-0.007,1.031
0.062,0.004,1.035
-0.082,-0.096,0.019
-0.038,-0.065,0.205
-0.157,-0.452,-1.935
-0.263,-0.114,1.209
-0.248,0.282,1.618
0.032,0.146,0.738
0.163,0.045,0.101
0.548,0.372,0.721
-0.151,-0.075,1.707
-0.139,-0.128,0.540
0.017,-0.036,1.052
0.071,-0.040,1.092
-0.004,-0.135,1.039
0.182,0.033,1.270
0.212,0.009,0.957
0.105,-0.017,0.928
0.021,0.024,0.996
-0.023,0.047,1.057
-0.012,0.072,1.003
0.028,0.036,1.062
0.028,0.024,1.087
0.050,0.009,1.036
0.041,-0.003,1.044
0.022,-0.008,1.006
0.075,-0.032,1.045
0.099,-0.022,1.039
0.092,-0.023,0.986
0.068,-0.017,0.906
0.066,-0.003,1.001
0.023,-0.004,1.030
0.023,0.025,1.079
0.026,0.009,1.078
0.038,0.017,1.082
0.043,0.021,1.017
0.047,0.022,0.996
0.043,-0.008,0.975
0.061,-0.004,1.006
0.062,-0.014,1.040
0.066,-0.030,1.001
0.088,-0.031,1.001
0.081,-0.005,1.064
0.066,0.001,1.048
0.031,0.010,0.981
0.019,0.013,0.995
0.017,0.017,1.033
0.041,0.012,1.068
0.035,0.011,1.058
0.060,0.006,1.064
0.060,0.003,1.019
0.058,-0.011,0.996
0.053,-0.021,0.965
0.064,-0.022,1.001
0.067,-0.005,1.000
0.076,-0.017,1.040
0.054,-0.004,1.028
0.044,0.009,1.039
-0.011,-0.084,0.636
-0.051,-0.071,0.039
1.965,0.827,1.678
-0.391,-0.451,-1.935
-0.267,0.051,1.006
-0.353,0.359,1.724
0.205,0.461,1.021
0.216,0.006,0.174
0.205,0.040,1.187
-0.208,-0.134,0.787
-0.082,-0.106,0.737
0.082,-0.023,1.179
0.032,-0.137,1.200
0.046,-0.085,1.090
0.238,-0.015,0.955
0.145,-0.058,0.894
0.087,0.049,1.161
-0.001,0.055,1.077
-0.038,-0.009,0.778
0.029,0.041,1.016
0.024,0.031,1.130
0.051,0.029,1.059
0.043,0.000,0.972
0.048,0.007,1.135
0.064,-0.018,1.084
0.090,-0.042,0.975
0.073,-0.021,0.979
0.074,-0.024,0.969
0.079,0.001,0.991
0.031,0.002,0.986
0.036,0.024,1.091
0.023,0.007,1.067
0.044,0.014,1.065
0.049,0.017,1.017
0.045,0.008,1.013
0.055,0.013,1.017
0.059,-0.002,0.997
0.055,-0.027,0.967
0.059,-0.027,0.990
0.082,-0.016,1.071
0.087,0.007,1.090
0.053,-0.010,0.999
0.047,-0.003,0.985
0.023,0.009,1.026
0.022,0.021,1.029
0.029,0.025,1.035
0.039,0.009,1.049
0.061,0.011,1.070
0.053,0.003,1.009
0.057,-0.009,1.003
0.060,-0.003,1.015
0.060,-0.024,0.954
-0.040,-0.096,0.135
0.896,0.384,1.777
-0.082,-0.091,-1.935
-0.079,-0.155,1.581
0.054,0.202,1.058
0.085,0.190,0.557
0.019,0.189,0.824
0.095,0.060,1.333
-0.054,-0.069,1.083
-0.007,-0.013,0.792
0.028,-0.023,0.853
0.029,-0.089,1.029
0.093,-0.024,1.069
0.202,-0.049,1.096
0.096,-0.053,1.081
0.068,0.006,0.968
0.050,0.002,0.883
0.030,0.022,0.960
