0.10,0.35
0.50,0.36
0.32,0.36
0.29,0.35
0.43,0.36
0.08,0.35
0.26,0.35
0.73,0.37
0.60,0.38
0.81,0.41
0.02,0.39
0.18,0.39
0.83,0.40
0.91,0.43
0.12,0.41
0.24,0.40
0.31,0.40
0.21,0.39
0.16,0.38
0.71,0.40
0.28,0.40
0.13,0.40
0.40,0.41
0.59,0.43
0.77,0.45
-0.77,0.36
1.08,0.40
0.58,0.40
-0.19,0.37
0.39,0.37
0.89,0.38
0.42,0.39
0.20,0.38
0.33,0.38
0.53,0.38
0.31,0.38
0.66,0.39
0.21,0.38
0.52,0.39
0.25,0.39
0.35,0.39
0.37,0.39
0.33,0.39
0.67,0.40
0.63,0.41
0.70,0.43
0.27,0.42
0.27,0.42
0.32,0.40
0.36,0.40
0.61,0.41
0.20,0.40
0.13,0.38
0.50,0.39
0.54,0.40
0.30,0.39
0.17,0.38
0.23,0.37
0.20,0.36
0.44,0.36
0.64,0.38
0.49,0.38
0.51,0.39
0.48,0.39
2.39,0.50
-6.54,0.22
-1.33,0.18
5.99,0.50
-3.06,0.32
0.27,0.31
0.28,0.30
0.23,0.29
0.16,0.28
0.40,0.28
0.17,0.27
0.34,0.27
0.19,0.26
0.20,0.25
0.49,0.26
0.54,0.27
0.83,0.30
0.36,0.30
0.57,0.31
0.44,0.32
-4.64,0.06
-1.51,-0.05
4.51,0.19
3.17,0.36
-0.60,0.31
0.42,0.32
-1.58,0.23
2.10,0.34
1.48,0.38
1.33,0.41
-2.40,0.25
-0.15,0.22
1.28,0.36
3.78,0.53
2.91,0.58
12.89,1.05
17.94,1.10
2.17,0.17
6.38,-1.02
9.69,-2.66
12.24,-3.88
9.57,-4.69
-3.70,-5.09
-9.56,-4.44
-28.55,-3.40
-39.05,-1.68
-40.20,1.93
-28.33,5.58
-24.74,9.28
44.53,13.67
81.42,16.16
-89.04,6.70
91.86,6.30
70.41,4.33
-2.59,-1.57
-68.04,-10.18
-53.86,-12.15
-44.72,-14.10
-53.16,-12.90
-50.50,-9.41
65.01,-0.71
-73.99,-3.31
-82.95,-9.97
81.55,-9.36
54.26,-11.22
-40.88,-18.49
-53.77,-20.25
-50.93,-21.55
-53.40,-20.52
-60.77,-17.12
6.78,-10.57
78.19,-2.81
-77.26,-7.59
-89.83,-14.13
90.80,-11.77
8.27,-16.02
-60.40,-22.24
-134.13,-28.89
-50.67,-30.38
-62.30,-26.89
50.46,-17.63
-90.53,-20.14
-84.59,-26.50
45.62,-26.35
-31.10,-27.39
-39.40,-26.99
-43.45,-27.17
-36.87,-27.18
-13.88,-26.49
10.80,-25.47
15.95,-24.38
15.67,-22.22
3.72,-19.84
0.22,-17.62
-1.31,-16.34
8.71,-15.66
7.28,-15.76
0.28,-15.56
0.79,-15.19
2.34,-14.66
1.90,-13.62
-0.18,-13.08
2.95,-12.89
7.09,-11.89
1.22,-11.21
0.46,-10.61
-0.06,-10.02
0.02,-9.50
0.66,-8.96
0.85,-8.43
0.53,-7.95
1.38,-7.46
0.49,-7.02
0.37,-6.61
0.90,-6.17
0.75,-5.72
0.14,-5.33
0.61,-4.93
0.68,-4.53
0.68,-4.15
-0.10,-3.82
0.48,-3.49
1.00,-3.15
0.75,-2.84
0.27,-2.57
0.50,-2.30
0.54,-2.03
0.20,-1.79
0.41,-1.55
0.36,-1.33
0.46,-1.10
0.61,-0.88
0.40,-0.68
0.46,-0.47
0.71,-0.28
0.91,-0.07
0.43,0.08
0.62,0.25
0.40,0.38
0.21,0.50
0.58,0.63
1.70,0.82
-0.34,0.91
-0.18,0.99
0.20,1.08
0.54,1.18
0.43,1.26
-2.06,1.24
0.18,1.31
0.62,1.40
0.58,1.47
0.54,1.54
0.61,1.61
0.42,1.67
0.66,1.73
0.38,1.78
0.72,1.84
0.32,1.87
0.40,1.90
0.54,1.94
0.38,1.97
0.81,2.01
0.35,2.03
0.47,2.06
0.09,2.05
0.51,2.07
0.54,2.10
0.50,2.11
0.40,2.11
0.48,2.11
0.39,2.12
0.36,2.11
0.65,2.12
0.28,2.10
0.27,2.09
0.63,2.10
0.27,2.08
0.53,2.08
0.48,2.07
0.46,2.06
0.51,2.05
0.32,2.04
0.43,2.01
0.48,2.00
0.56,1.99
0.27,1.97
0.28,1.94
0.24,1.91
0.49,1.89
0.38,1.87
0.56,1.86
0.33,1.83
0.31,1.80
0.45,1.78
0.55,1.76
0.31,1.74
0.40,1.71
0.36,1.69
0.25,1.66
0.23,1.62
0.40,1.60
0.58,1.59
0.62,1.57
0.49,1.55
0.45,1.53
0.49,1.51
0.55,1.49
0.44,1.47
0.61,1.46
0.29,1.43
0.55,1.41
0.53,1.39
0.23,1.35
0.63,1.34
0.25,1.31
0.50,1.29
0.13,1.25
0.54,1.23
0.46,1.21
0.39,1.19
0.38,1.17
0.60,1.16
0.44,1.14
0.75,1.14
0.43,1.12
0.58,1.11
0.64,1.10
0.54,1.08
0.65,1.07
0.41,1.05
0.32,1.03
0.62,1.02
0.52,1.01
0.53,0.99
0.37,0.97
0.38,0.95
0.62,0.94
0.36,0.92
0.47,0.91
0.70,0.91
0.05,0.88
0.40,0.87
0.42,0.85
0.32,0.84
0.06,0.83
-4.44,0.59
11.33,1.33
18.78,2.40
35.41,4.13
28.37,4.56
21.59,3.61
12.78,2.35
-25.86,-0.57
-51.85,-1.73
-40.44,-1.85
-39.97,-2.72
-31.50,-2.01
20.30,1.13
73.89,5.56
-84.89,2.26
-87.06,-1.00
80.26,2.70
-11.92,-2.08
-51.38,-8.55
-141.36,-20.99
-47.52,-23.32
-50.65,-23.12
-3.27,-19.21
-87.29,-19.61
-95.49,-22.28
-80.22,-26.43
30.06,-26.09
-48.65,-28.60
-46.56,-30.15
-48.70,-30.68
-40.20,-29.59
68.93,-22.55
-100.30,-25.30
-109.64,-28.88
94.20,-24.55
-56.12,-30.09
-134.13,-39.85
-134.13,-46.34
-47.99,-44.09
76.45,-33.88
-134.12,-35.63
-128.86,-41.68
82.97,-39.71
-39.56,-43.05
-134.13,-48.68
-134.13,-53.24
-41.73,-50.97
24.35,-44.68
-119.58,-47.61
-126.63,-52.19
93.31,-46.90
-34.55,-49.03
-134.13,-56.20
-134.13,-62.81
-136.63,-66.94
4.94,-61.20
-115.76,-61.53
-133.16,-65.78
101.51,-61.03
-18.63,-62.83
-134.13,-68.91
-134.13,-73.58
-44.67,-71.35
-29.64,-67.34
82.90,-57.70
-123.64,-59.96
-117.14,-64.26
64.40,-61.42
-41.30,-63.76
-134.13,-70.32
-134.13,-74.61
-43.89,-71.99
1.04,-66.02
-109.82,-66.64
-125.38,-70.38
96.89,-64.46
4.98,-63.21
-41.59,-63.45
-134.13,-67.85
-134.16,-71.39
-35.77,-68.82
45.22,-61.74
-116.74,-63.20
-120.00,-66.67
83.83,-61.31
-25.30,-61.49
-136.67,-67.13
-134.13,-71.66
-39.87,-70.19
-29.26,-67.12
69.19,-58.66
-117.93,-60.30
-118.78,-63.45
84.77,-57.53
-24.92,-58.23
-45.60,-59.13
-134.13,-64.72
-135.94,-68.44
-34.47,-65.25
37.96,-58.18
-100.85,-58.47
-123.18,-58.95
116.60,-47.75
49.04,-43.59
-35.96,-45.04
-134.13,-51.23
-134.28,-53.62
-34.36,-47.61
53.10,-37.75
-132.33,-42.32
-127.05,-49.29
77.36,-45.37
19.38,-44.81
-15.05,-45.38
-134.13,-48.91
-137.65,-53.81
-40.47,-53.20
-91.23,-54.21
159.88,-44.47
111.22,-41.15
-73.52,-48.22
-47.79,-53.57
151.33,-44.12
-25.57,-38.40
-41.07,-34.00
-50.25,-33.44
-58.21,-34.71
-60.47,-36.98
-62.37,-39.61
-11.05,-39.57
40.44,-36.19
-44.96,-38.71
-45.15,-40.02
-62.31,-38.57
77.01,-28.37
58.02,-21.73
-63.58,-25.20
-45.50,-28.44
-39.46,-33.46
-49.93,-31.85
-47.50,-27.10
-5.02,-20.31
79.91,-12.35
92.93,-5.63
72.08,-0.98
50.34,3.40
40.56,6.55
16.31,7.60
7.57,7.86
22.34,8.02
25.00,8.55
24.79,9.55
33.66,10.81
43.18,11.96
29.21,12.54
-169.99,5.18
-30.26,3.69
-31.69,2.70
-26.48,1.85
-18.57,1.45
-10.11,1.59
-17.83,1.37
-34.41,-0.07
-42.88,-1.91
-35.56,-4.56
155.41,5.85
53.66,8.90
63.19,12.38
59.78,15.36
41.43,17.13
-5.56,16.05
-47.27,12.61
-53.67,9.48
-65.67,6.18
-27.00,5.33
33.79,7.54
-62.77,4.41
49.22,7.21
62.19,10.27
24.77,11.22
-33.44,8.83
-57.83,5.51
-40.44,3.40
-67.06,0.24
-35.96,-0.92
28.50,1.25
-63.84,-1.62
46.57,1.31
61.46,4.43
32.19,6.00
-26.33,4.28
-59.49,0.92
-37.14,-0.84
-52.43,-2.98
-33.62,-3.61
5.26,-2.35
39.39,1.24
30.15,7.90
27.68,14.90
32.21,21.54
67.73,29.73
88.41,38.62
76.44,46.45
74.10,53.78
102.81,55.76
95.03,53.10
22.88,46.35
4.13,38.94
-0.53,32.07
-40.24,22.97
-35.59,14.99
-39.31,7.34
-43.61,5.18
-41.87,4.71
-43.43,5.39
-30.34,9.03
-18.65,13.06
-18.63,16.84
-11.71,20.99
58.07,28.36
70.15,36.01
77.18,43.67
121.74,51.93
134.12,51.22
101.25,48.43
-17.50,39.75
-22.61,31.19
-25.71,22.87
-43.66,13.98
-56.57,8.68
-46.22,11.16
-28.24,14.42
-16.83,18.06
1.19,22.43
20.38,27.57
51.07,34.30
97.78,42.71
93.62,50.97
79.82,57.87
48.03,58.32
39.98,59.04
63.97,60.84
44.25,59.07
17.90,53.38
-2.59,47.31
5.44,42.96
26.98,41.86
81.14,41.42
110.75,40.81
126.13,43.20
145.75,49.68
134.88,53.84
-67.66,42.07
19.18,35.19
179.63,41.56
27.57,43.71
14.69,43.56
-8.20,40.66
-39.65,36.31
-167.46,23.14
45.31,18.89
15.19,12.80
39.58,8.58
29.29,4.27
26.94,1.23
22.44,0.35
12.61,1.28
10.71,2.67
3.26,4.51
-2.32,8.96
-13.87,13.35
-9.57,17.47
2.87,22.00
136.00,33.36
149.72,44.95
153.38,56.24
112.74,59.51
69.67,54.84
-10.06,46.18
-7.11,37.84
7.03,31.12
23.81,25.16
28.23,24.92
10.98,29.72
-19.07,27.97
-15.06,21.84
18.38,16.52
33.78,15.15
14.78,13.57
-169.02,2.44
21.39,6.71
36.32,13.59
-6.50,17.85
3.98,22.41
-49.36,24.09
-155.48,19.50
166.63,32.58
152.80,44.15
163.38,44.88
151.28,44.83
-133.14,29.96
-83.15,18.37
-74.46,7.76
-42.99,-0.69
-144.05,-14.13
-146.23,-16.01
-50.69,-13.25
-46.21,-10.02
-3.75,-4.95
19.00,1.06
49.45,8.40
75.09,16.76
95.98,26.06
150.35,37.63
132.73,47.76
149.20,56.30
163.86,56.23
153.70,56.14
81.17,51.82
53.89,46.78
75.78,42.71
127.23,41.87
-49.01,31.78
-55.53,21.55
-33.25,13.20
0.11,13.95
-30.07,15.92
-55.77,17.10
-0.82,20.07
-176.04,12.21
5.56,16.69
4.12,21.28
11.33,25.55
4.88,29.68
-2.49,33.15
19.54,37.16
93.93,45.32
74.94,51.66
112.63,60.13
158.97,67.51
152.84,70.45
146.73,68.86
142.02,66.96
133.63,65.26
122.15,62.65
64.55,57.18
48.47,51.61
-36.45,41.33
-72.50,29.83
-54.61,20.68
-146.52,16.22
-36.90,18.49
-51.29,19.81
8.25,24.37
63.78,31.20
128.25,41.58
136.31,42.64
134.11,41.80
11.50,34.32
-55.39,24.15
-134.13,9.73
-139.70,2.75
-50.85,4.75
-26.74,7.87
102.21,17.65
-112.40,10.74
-118.17,-2.04
102.82,-2.48
39.41,-6.71
-64.45,-16.19
-134.13,-23.81
-134.13,-30.93
-58.55,-27.93
-52.01,-24.77
84.48,-14.54
-110.13,-16.87
-130.42,-26.34
-120.21,-36.35
86.81,-36.18
-73.75,-45.01
-50.79,-49.46
-134.13,-59.86
-58.17,-55.35
-62.40,-51.50
124.93,-37.87
-133.35,-38.56
-134.12,-44.84
-123.34,-55.43
47.88,-56.98
-55.69,-63.56
-134.13,-70.56
-134.13,-75.35
-52.12,-70.21
-30.73,-63.96
106.62,-50.69
-134.12,-52.72
-134.12,-60.05
101.37,-58.44
-4.13,-61.82
-134.13,-70.53
-134.13,-78.10
-46.42,-73.64
-54.58,-68.32
82.79,-55.74
-130.34,-55.25
-134.12,-60.67
-108.62,-68.81
55.43,-67.92
-37.03,-73.05
-134.13,-78.01
-134.13,-82.24
-43.10,-78.34
-37.11,-71.59
133.59,-56.45
-134.12,-59.79
-127.23,-68.00
70.18,-67.07
-14.90,-69.40
-134.13,-73.90
-134.13,-80.28
-134.36,-83.30
-38.86,-77.41
128.62,-61.89
-134.12,-63.27
-134.12,-69.99
-85.90,-77.42
25.66,-77.67
-35.20,-79.76
-134.13,-82.26
-134.22,-86.58
-53.31,-81.36
-71.03,-76.73
141.49,-64.06
-134.12,-70.15
-87.68,-76.39
37.18,-74.22
-22.02,-69.53
-30.64,-66.14
-25.50,-65.17
-10.43,-64.71
-3.17,-63.69
5.41,-63.05
-2.80,-63.69
161.61,-50.79
-17.63,-49.01
6.69,-46.08
-1.01,-43.57
8.77,-40.73
12.84,-37.69
4.20,-35.14
4.26,-32.61
4.58,-30.19
0.66,-28.12
0.55,-26.18
0.47,-24.28
0.59,-22.50
1.29,-20.71
2.40,-18.94
-0.55,-17.40
0.49,-15.87
-0.22,-14.46
-0.33,-13.12
-0.50,-11.84
0.35,-10.58
0.70,-9.34
0.33,-8.17
0.51,-7.05
0.69,-5.98
0.40,-4.97
0.38,-4.00
0.41,-3.08
0.76,-2.16
0.46,-1.36
0.53,-0.54
0.47,0.20
0.46,0.91
0.42,1.58
0.48,2.21
0.69,2.82
0.20,3.37
0.71,3.91
0.52,4.41
0.43,4.87
0.29,5.30
0.55,5.71
0.69,6.11
0.97,6.49
0.33,6.83
0.51,7.11
0.35,7.40
0.47,7.66
0.49,7.90
0.35,8.10
0.60,8.31
0.55,8.49
0.69,8.66
0.26,8.79
0.27,8.90
0.31,9.03
0.63,9.11
0.39,9.21
0.56,9.25
0.46,9.33
0.81,9.37
0.70,9.43
0.68,9.44
0.66,9.47
0.35,9.43
-0.01,9.42
1.11,9.41
0.68,9.40
3.51,9.56
3.39,9.66
-0.02,9.63
-1.63,9.45
-1.48,9.29
-0.65,9.14
0.29,9.06
0.69,8.97
0.21,8.88
0.35,8.76
0.76,8.69
0.50,8.57
0.64,8.48
0.22,8.36
0.45,8.25
0.61,8.13
0.54,8.02
0.81,7.92
0.50,7.80
0.61,7.68
0.38,7.55
0.17,7.41
0.73,7.30
0.47,7.19
0.52,7.06
0.79,6.95
0.81,6.84
0.69,6.73
0.71,6.61
1.03,6.51
0.66,6.39
0.42,6.26
0.27,6.12
-2.93,5.81
3.62,5.85
0.75,5.74
0.24,5.60
0.54,5.49
0.60,5.37
0.50,5.25
0.74,5.14
0.42,5.03
0.42,4.91
0.39,4.79
0.58,4.67
18.70,5.51
39.42,7.44
41.03,9.25
-13.07,7.89
-36.00,5.40
-38.68,3.01
-16.02,2.03
2.20,2.12
-1.42,2.06
3.58,2.24
1.60,2.29
1.03,2.30
0.25,2.26
0.32,2.23
0.44,2.20
0.05,2.14
0.36,2.10
0.35,2.06
0.35,2.02
0.47,1.98
0.61,1.95
0.65,1.92
0.72,1.90
0.56,1.87
0.24,1.82
0.57,1.79
0.39,1.75
0.24,1.70
0.67,1.68
1.25,1.70
0.63,1.69
0.28,1.66
0.94,1.67
2.57,1.73
0.90,1.71
-0.45,1.61
-1.21,1.48
0.20,1.44
0.54,1.38
-2.76,1.18
-40.58,-0.99
-59.76,-3.85
-21.05,-4.25
43.07,-1.47
51.32,1.56
39.75,3.72
18.87,4.61
9.87,4.98
1.50,4.93
-3.65,4.55
0.31,4.37
0.89,4.21
0.57,4.04
0.56,3.88
0.56,3.73
0.31,3.57
0.33,3.42
0.56,3.29
0.47,3.15
0.47,3.02
0.59,2.89
0.41,2.76
0.36,2.64
-0.40,2.48
0.58,2.37
0.77,2.27
0.35,2.16
0.75,2.07
0.25,1.97
0.39,1.88
0.06,1.78
0.19,1.68
0.60,1.63
0.58,1.57
0.66,1.51
-0.12,1.42
-0.57,1.30
0.13,1.24
1.75,1.25
1.28,1.24
-0.06,1.16
-1.70,1.00
1.32,1.01
2.69,1.07
0.15,0.99
4.37,1.18
36.34,2.89
61.84,5.63
55.74,7.85
7.49,7.28
-49.65,3.71
-49.68,0.81
-47.21,-1.72
-1.31,-1.76
0.81,-1.76
1.79,-1.68
1.29,-1.52
0.62,-1.42
0.54,-1.33
-0.13,-1.29
0.28,-1.21
0.05,-1.15
-0.01,-1.10
0.49,-1.01
0.36,-0.94
0.27,-0.89
0.13,-0.84
0.86,-0.75
0.08,-0.71
0.25,-0.66
1.06,-0.56
-0.97,-0.57
0.35,-0.52
0.06,-0.49
0.43,-0.44
-0.05,-0.41
0.01,-0.39
0.28,-0.35
0.54,-0.31
0.43,-0.27
0.61,-0.22
0.25,-0.20
1.06,-0.13
0.52,-0.09
0.31,-0.06
0.43,-0.04
0.61,0.00
0.68,0.04
0.65,0.07
-0.91,0.03
-5.60,-0.25
-14.64,-1.03
-35.41,-2.83
-53.43,-5.18
-55.11,-7.26
-6.54,-6.73
47.33,-3.66
58.49,-0.26
50.51,2.50
5.66,2.65
7.72,2.97
-1.31,2.77
-5.50,2.36
-0.57,2.21
0.97,2.16
1.15,2.11
0.86,2.04
0.55,1.95
0.49,1.87
0.56,1.80
0.52,1.73
0.48,1.66
0.41,1.59
0.36,1.51
0.25,1.44
0.46,1.38
0.75,1.34
0.60,1.29
0.54,1.24
0.31,1.18
0.45,1.12
0.39,1.07
0.31,1.02
0.18,0.96
0.12,0.90
-0.05,0.84
0.03,0.77
0.25,0.73
0.46,0.69
0.77,0.68
0.42,0.65
0.34,0.61
0.64,0.59
0.29,0.56
0.57,0.54
0.17,0.50
0.57,0.49
0.20,0.44
0.62,0.43
-1.20,0.33
0.57,0.33
4.08,0.51
0.28,0.49
-0.06,0.45
1.60,0.48
-0.17,0.42
0.64,0.41
0.57,0.41
0.50,0.41
2.12,0.51
-2.38,0.37
1.35,0.47
-0.76,0.44
1.56,0.56
4.78,0.87
15.49,1.73
19.47,2.72
21.95,3.76
26.15,5.13
22.79,7.09
17.18,10.47
-19.22,11.80
-40.01,14.09
-31.79,13.73
-13.71,9.16
-38.89,3.94
-3.90,1.68
56.27,4.50
-88.14,3.12
-83.50,4.09
65.84,11.10
14.57,10.44
-34.68,6.90
-141.31,-3.22
-34.14,-8.27
-26.02,-10.44
49.57,-5.11
-116.25,-8.69
-104.53,-16.90
65.48,-16.99
-22.28,-19.20
-136.46,-23.77
-134.13,-29.83
-34.85,-31.82
30.44,-29.08
-96.50,-30.91
-94.94,-34.93
81.23,-29.43
60.42,-25.42
-47.21,-27.27
-45.18,-31.50
-138.33,-41.30
-22.42,-42.62
35.87,-36.08
-110.49,-35.17
-125.97,-38.44
102.09,-33.20
41.99,-33.03
-134.13,-39.22
-134.13,-47.02
-137.49,-54.59
-23.04,-52.57
74.55,-42.34
-129.52,-44.00
-120.91,-48.33
81.62,-43.68
-31.28,-45.65
-134.13,-52.68
-134.13,-60.71
-145.77,-65.80
-4.14,-59.63
122.98,-45.09
-134.12,-48.55
-108.92,-55.93
48.96,-55.68
-36.59,-56.70
-134.13,-63.30
-134.13,-68.10
-26.90,-65.27
57.80,-55.89
-129.29,-58.23
-123.44,-64.53
78.72,-61.30
-35.77,-62.13
-134.13,-68.81
-134.13,-74.74
-41.36,-73.19
12.29,-65.95
-117.57,-65.74
-125.98,-70.12
89.16,-65.58
-29.28,-64.90
-135.78,-68.38
-134.13,-73.68
-148.14,-79.22
30.44,-72.39
-107.47,-72.09
-124.12,-74.00
95.85,-66.54
-39.36,-66.36
-134.13,-72.10
-136.84,-77.43
-17.26,-73.74
91.59,-62.50
-132.02,-65.40
-111.23,-70.24
1.76,-68.68
-140.79,-74.10
-134.13,-79.99
-136.59,-84.58
-28.70,-80.50
113.08,-67.30
-134.12,-69.64
-116.71,-74.35
66.88,-68.99
-13.15,-67.09
-145.77,-72.52
-146.37,-79.37
-24.03,-79.20
-14.75,-76.66
4.62,-71.38
44.14,-63.41
77.33,-54.12
77.57,-46.07
72.10,-38.79
41.38,-35.85
-17.53,-37.15
-31.36,-37.45
-27.70,-38.13
-17.61,-36.81
34.66,-30.18
93.98,-20.35
96.28,-12.43
39.05,-10.14
-27.73,-10.65
-144.21,-18.11
-34.40,-19.56
-6.85,-18.74
71.85,-12.58
-92.23,-15.27
88.36,-8.88
-0.59,-7.60
-33.43,-8.66
-41.10,-12.13
-33.73,-14.60
-16.58,-14.36
52.47,-8.42
93.25,-0.77
87.14,3.74
34.89,5.26
-20.53,4.38
-36.82,2.93
-40.32,1.58
-31.76,0.31
41.46,2.89
75.23,8.86
63.89,16.16
42.75,23.94
17.15,30.24
-21.50,33.59
-47.48,34.60
-39.85,27.48
15.42,22.10
47.71,18.51
52.47,24.72
47.19,32.40
30.45,38.25
-50.20,36.35
-47.39,27.11
-14.97,20.02
15.47,14.89
27.43,21.82
50.21,29.34
104.89,39.40
167.79,41.26
-53.87,31.75
-9.76,24.58
168.58,30.68
2.13,35.69
-9.19,39.52
142.25,48.70
112.87,47.50
7.68,40.82
166.96,43.65
8.07,48.19
5.05,52.29
-120.83,49.41
119.40,48.21
25.96,42.57
11.81,36.05
12.56,38.14
9.90,43.07
-1.24,46.84
92.76,44.64
39.21,39.59
15.24,35.38
20.41,38.18
18.32,43.21
6.27,47.30
160.89,52.13
79.79,48.65
16.54,42.42
157.58,51.30
15.46,55.37
-8.07,58.47
175.55,65.71
125.25,64.25
-1.63,55.97
17.76,49.30
17.30,53.02
11.46,56.99
19.21,61.12
130.06,63.13
53.85,57.71
4.83,50.37
11.96,44.18
19.80,43.70
16.93,48.59
18.87,53.29
17.78,57.12
160.64,64.78
128.11,63.31
18.72,56.15
21.16,50.06
155.46,61.99
8.87,65.04
-155.01,59.65
-168.94,42.66
10.24,35.43
4.20,28.24
18.77,29.26
26.66,34.93
40.78,40.55
76.92,36.91
25.75,31.02
17.53,25.00
11.32,26.22
12.93,29.99
29.05,28.89
18.90,23.35
12.24,19.29
9.75,18.09
11.57,18.23
14.14,17.64
15.99,15.63
9.02,12.24
7.89,9.88
5.30,8.90
2.35,7.80
1.51,6.02
178.56,13.90
-0.05,13.42
0.06,12.93
0.18,12.38
0.16,11.81
0.46,11.26
0.86,10.76
0.93,10.28
1.14,9.81
-0.67,9.28
-2.92,8.68
-0.75,8.14
-0.78,7.79
-0.26,7.32
0.71,6.94
0.34,6.58
0.09,6.21
0.59,5.89
0.25,5.57
0.47,5.26
0.28,4.96
0.77,4.69
0.41,4.42
0.51,4.16
0.63,3.91
0.75,3.69
0.42,3.46
0.75,3.25
0.51,3.03
0.40,2.82
0.31,2.62
0.47,2.43
0.56,2.26
0.44,2.09
0.45,1.93
0.35,1